424 anEx

3 69 291, 6. 3 52 412, 2. 3 82 240, 2.
72 )85, 11. 61 284, 28. 85 505, 7.
[74 18', 812] 66 285, 20. 87 404, 18.
77 86, 50. 70 55, 27. 98 265, 26.
102 574, 4. Actione prima 104 214, 5.
lib. 111 3 5 271, 6. 3 2 276, 55. 145 285, 7.
6 546, 8. 6 270, 18. 191 571, 16.
51 54, 26.11 550, 10. ἱ lib. III Frunneutaria.
55 285, 50.18 55, 10. 3 9 281, 55.
lib. VI 3 7 275, 21. 25 288, 55. 55 540, 13.
lib.le 3 1 586, 19. Actione secunda 60 244, 15.
lib. X 3 7 404, 27. lib. 1. 62 529, 15.
li Ι. ΧΙ 3 24 406, 55. 3 5 279, 27. 65 575, 6.
111›.x11§ 8 500, 15. 7 243, 22. 65 408, 17.
16 298, 55. 565, 51. 125 209, 10.
25 280, 25. 15 294, 21. 165 288, 4.
lib. XIII3 12 556, 5.17 557, ...5. lib. 1111 de Signis.
45 549, 26. 27 409, 5. 3 1 215, 27.
lil›.xllII§ 1 )12, 28. 248, 1-8. 5 242, 2.
ἰιι Pisonem 62 524, 9. 7 255, 19.
3 57 120, 25 ο. 415, 10. 21 575, 21.
pro Plancio 65 551, 55. 24 527, 18.
3 1 129,15. Ι 244, 24. 48 278, 21.
63 205 24. 1 65 275, 14. 258, 525, 5.
de Provinciis consularibus 14. 521, 5. 55 54, 14.
3 19 160, 66 574, 17. 287, 51.
29 160, 51. 67 527, 51. 54 568, 26.
pro Rabirio (perd. reo) 264, 11. 62 299, 18. 4.
3 15 51, 52. 586, 15. 69 272, 10. 65 596, 5.
pro Sexto Roscio 91 556, 10. 64 559, 11.
3 18 194, 8. 95 299, 15. 65 581, 28.
151 486, 27. 125 288, 14. [70.’.)]241, 16.
iu ven-cm 456, 24. 86 54, 19.
Divina [ἰοιυι Ι 126 271, 19. 94 221, 19.
3 5 560, ’ἲῖ .58), 4. 129 462, 16. 105 575, 55.
4 407,18.158 269, 5. 124 298, 2.
8 549, 21. 140 054, 52. 156 152, 7
25 269, 25. 259, 20. lib. V de Suppliciis,
27 299, 25. 158 54, 5. 3 12 579, 52.
50 299, 27. lib. ll de Praetura Sici· 27 141, 19. 221,
52 590, 25. lieusi. 50. 550, 14.
55 248, 51. 279, 5. 3 19 595, 6. 411, 22.
46 404. 5. 48 275, 25. 50 459, 16. 257,

47 257. 24. 55 559. 11. 52. 529, 51

