11, 1, 2 sq. 496, 25
28 269, 9.
2, 16 410, 26.
25 557, 8.
27 165, 6.
5, 75 276, 27.
4, 17 282, 8.
ΙΙΙ, 1, 15 249, 21.
2, 55 407, 16.
5, 55 420, 15.
4, 1 105, 22.
56, 19.
V, 1, 18 sq. 105, 25.
5, 6 sq. 254,4. 595,
10. 571, 15.
22 sq. 269, 55.
5, 11 269, 17.
12 255, 10.
6, 26 sq. 586, 12.
7, 59 51, 24.

ΙῙΠ,

8, 5 110, 21.
TERTULLIANUS

de Fato F 562,⁴9.
TYBERIANUS F 567, 6.
TIBULLUS v. FLACCUS.
TITINIUS (Titinnius codex

 

AUCTORUM.

102, 5. 179, 22. 277,25.
278, 12. 290, 8. 552, 6.
575, 5. 509, 55. 517,15.
Privigna 157, 8.
Psaltria 224, 21. 514,
16. 551, 27. 496, 14.
504, 21.

Quinto 98, 8. 277, 16.
25. 459, 15. 481, 20.
482,52.507, 16556 25.
Setina 19, 17. 87, 12.
125, 10. 144,

25. 204,

Varo 95, 5. 151, 55.
157,10.
V- eliterna 2,17.217,18.

277, 4. 516 2552, 5.
555, 7. 591, 20. 467,
10.495,15.[509,25.‘?]
556,19.

TUBERO
Historiarum
lib. I. 576, 51.
lib. XIIII. 481, 9.

W.) 210,5.221,16.504 Μ. TULLIUS v. enemo.

20. 455, 55. 556. 25.
20. 499, 7.

Barbato 5,

552, 25.

Fullonia (Fullonibus) 81,
14. 98, 24. 111, 10.
155, 25. 217, 20. 224,
25. 255, 5. 245,51.505,

4566,16. 569, 2 1. 406,

17. 470, 2. 485, 18.
Gemina 81, 12. 94, 55.
157, 15. 17. 192, 10.

252, 21. 256, 14. 506,

³}

Prilia (Proelia) 71. 55.

29. 592, 15. 406, 2.19
420, 7. 486, 16. 495
14. 497. 5. 510, 6. 1Ο
lla rubra 476, 51-

 

TURPILIUS 229,,5. 542,18.
Boethuntihus 25,5. 179,
24. 552, 28. 542, 2. 429,
20. 518, 4.
Canephoro 65,19. 116,
9. 592, 26. 491, 7.
Demetrio 124, 11. 216, 7.
278, 2. 522, 18. 557, 5.
552, 19. 597, 29. 408, 27.
424, 5. 427, 28. 466, 7
488,18. 491, 2. 497, 18
Demiurgo 2, 52. 8, 25.
15,16.226,12.256,16.
542,26.485,25.491,18.
Epiclero 84,21. 96, 24.
215. 28. 521, 21. 552,
19. 557. 25. 5985. 477,

6 186

29.227,14.

249, 18. [504.‚ 20 Ἰ] 505,
5. 548,11.552,15.

VARRO

445

15. 495, 25. 497, 12.
501, 17.

Hetaera 127, 12. 182,
5. 186, 8. [262, 14.*2]
468, 18. 470, 55. 485,
27. 491,8. 514,27. 526,
2. [559, 2253] 549, 10.

Lemniis 14, 29. 256, 22.
259, 28. 565, 15. 555,
15. 554, 7.

Leucadia 21, 25. 75, 29.
102, 51. 175, 4. 174, 5.
182, 5. 201,24. 262, 12.
277, 8. 521,22.522,21.
525, 4. 554, 11. 408, 29.
467, 28. 496, 18. 522,
26. 554, 5.

Lindia 5, 10. 185, 50.

””””” , 14. 545,

21. 597,
599, 19. 482, 5.

Paraterusa 152, 14. 159,
17. 186, 6. 558,25. 599.
28.

Pedio 40, 7. 85,21. 255,
22. 505, 52. 470, 28.
475, 50. 489, 50. 497,
14. 500, 7. 22. 501, 6.
514,15.522, 5.
Philopatro 1, 50 22,15.
152, 5. 229, 55 .260,8.
281, 25. 282, 10. 521,
14. 558,4. 422, 19429,
21. 468, 16. 484, 28.
525, 51. 558, 7.
Thrasyleone 95, 10. 146,
18. 215, 8. 215, 50.504,
26. 521, 11. 555, 15.
477, 18. 481, 28. 488.
27. 524, 27.

[Veliterna 559, 222]

55. 4. 59, 9. 11.

21. 66. 28. 91, 2100, 5.
122. 5. 195, 15. 197. 15,

50.

15 502,

