428 < INDEX

ἓ 87 82, 26. ἓ 118 122, 20. 17. 562, 9. 425, 4. 450,
88 105, 26. 120 65, 28. 55.451,4. 469, 14. 499,
89 115, 29. 121 189, 12. 12. 591), 8. 519, 15.
94 557, 10. 125 102, 25. 111). ἲ 57, 24. 201, 29.
97 95, 16. 266, 7. 157 80, 14. 255, 25. 557 50. 417,
99 550, 27. de Fato 55, 6. 7. 497, 19-521, 11.
105 122, 25. de Re publica 111). VI. 25, 4. 42, 4. 256,
108 95, 8. 501, 5. 521, 17. 22. 290,15. 598, 26.
116 176, 25. 114,28. lib. Ι. 85, 19. 276, 5. 409 25. 424, 28. 492, =
121 154, 5.174,18. 289, 8. 426,9. 526,6. 2. 501, 26. 512, 22.

556, 20. ἓ 8 477, 51. 517, 51. 519, 15.
Libri hodie mutili. 16 260, 12. ἓ 16 85, 16.
de lege Agraria 452. 29. 17 567, 27. Timaeo
in Clodium et Curionem 29 195, 8. cap. 2 50, 28.
559, 25. 454, 21. 41 429, 7. cap. 9 198, 27.
cap. 5,1 465,14. 49 274, 26. Libri hodie deperditi.
5 557 50 259, 10. (Incerta) 55, 5. 65, 8.
558,11. 59 205, 19.559,14. 225,12. 280, 4. 571,
nd Brutum 60 255, 21. 7.[455, 12.]
264, 5. 421, 29. 62 286, 10. pro Cornelio
11.1) VII. 296, 8. 65 425, 5. lib. II. 188, 29.
lib. ΧΙΙῙ. 527, 25. 67 542, 4. pro Gallio 65, 17.

111). nul. 421, 51. 69 109, 11.

Ι pro Manilio 454, 50.
<nodie lib. 1. ep 1 ἓ 1. 70 944. 90.

ad Axium lib. 11. 509, 20.

ad Caesarem 270, 20.
556, 22.

111) I. 270, 15.287,25.
508, 9. 519. 55. 527,
5. 569, 50. 415, 29.

26 45, 5. 111). ΙΙ. 52, 17. 540, 16.

1
lib. 11. 72, 50. 228,19}
46 499, 15. Ι lib.111. 288,12.456‚26.

285, 14. 292, 52. 299,

Academicorum
111). 1. 45, 28. 65, 12.
(16911. 1011· 1§81)
148, 26.
111). II 65, 19 69, 7.
104, 5. 121,52. 162,
. 474,

50. 500, 24. 542, 29.
575,24. 491,16. 82ss,8.
ἓ 16 49, 50.

29. 55. 898,

10

ad Caesarem iuniorem

586, 22. 562, 26.

06 545,15.
111). ΙΠ. 65,15.

lib. ΙΙΙ. 68. 17. 109, 5.
125, 15. 20. 152, 17.

0!
10

128, 5. 419, 6. 969, 91. 518. 14. 528, lib. 1. 258, 5. 259. 22.
111.1111.(1.οᾱῑε acad. 16. 524, 19. 564. 8. 282, 19. 288. 55. 269.
prior. 11.) 451, 14. 499, 15. 822, 5. 18. 275, 9. 995, 58.
‘s' 81 159 27. 854, 14. 298, 20. 528, 1 . 596,
87 117. 9. §21 574. 24. 15 571, 8. 580, 50.
67 69, 11. 96 19, 59. 585. 7. 419, 15. 456,
70 88, 24. lib. 1111. 8,14. 20. 19. 18. 858. 24.
100 99. 19. 25,17. 24.2.8.17.21. lib 11. 58, 14. 21. 288,
108 164, 15. 199, 19. 174,8.194. 28. 522, 12. 544, 21.
108 107. 28. 26. 254. 19. 295. 94. 589. 27. 594. 8. 462.
109 169. 8. ι 506. 4. 808. 535. 845. 12. 859, 4.

