102 sq. 404, 5.
114 408, 11.
124 sq. 461, 28.
128 567, 7.
155 sq. 409, 4.
158 sq. 408, 14.
156 2, 14.
165 526, 7.
169 sq. 294, 15.
175 415, 51.
186 525, 50.
199 sq. 401, 55.
202 sq. 585.. 19.
205 sq. 516, 28.
229 559, 5.
255 524, 5.
244 559, 27.
245 250,4.275,28.
265 sq. 244, 6.
270 sq. 295, 9.
288 555, 25.
291 sq. 442, 24.
294 402, 50. Ι
512 548, 27.
525 417, 15.
524 sqq. 565, 11.
591, 15.
542, 16.
550 565.. 18.
557 sq. 244, 11.
577, 9.
544 405, 55.
547 sq. 585, 50.
558 229, 7.
559 sq. 554, 17.
567 295, 16.
579 sq. 290, 24.
458. 19.
4112 246, 29.
412 414, 9.
414 sq. 265, 17.
511, 8.
418 408, 6.
451 sq. 245, 22.

AUCTORUM.

456 sq. 541, 7.
442 sq. 459, 5,
459 405, 8.
476 298, 50.
486 sq. 572, 50.
487 sq. 564, 29.
455, 5.
488 sq. 418. 14.
505 sq. 529, 25.
505 245, 29.
508 579, 25.
510 556, 2.
548 554. 24.
555 555, 29.
559 sq. 529, 17.
560 sq. 294. 5.
576 sq. 405, 12.
587 245, 11.
246, 28.
608 272, 17.
609 sq. 504, 5.
612 565, 12.
614 5, 16.
616 550, 22.
556, 22.
617 5, 18.
641 541, 29.
666 589, 16.
675 249, 12.
690 268, 17.
705 sq. 555, 14.
709 196, 25.
759 417, 22.
810 sq. 586, 8.
815 sq. 587, 5.

Aen. lib. X.
v. 47 595, 22.

65 sq.192„29.582„27.
78 19929.

79 45912.

107 404, 9,

111 590, 55.

116 sq. 205.6.
149 257, 26.

455

155 sq. 511, 17.

169 556, 27.

196 502, 27.

210 sq. 577, 27.

211 555, 28.

255 582, 17.

245 242, 9.

270 sq. 240,21. 515,8.

284 451, 9. 442, 25.

287 sq. 299, 6.

296 564, 27.

501 sq. 444. 27.

514 519.25.404,14.
452, 27.

01 0¹ 0³1 01

596 548, 2.
459 sq. 405, 15.
454 Sq- 454, 18.
467 591, 52.
492 544, 19.
501 225, 8.
502 589, 25.
515 sqq. 240, 25.
591, 4.
561 sq. 576, 21.
577 402, 52.
586 sq. 242. 4.
587 sq. 254, 29.
624 sq. 526, 5.
625 'sq. 257. 25.
644 51. 25.
668 sq. 285, 19.
702 sq. 255, 26.
706 129, 19.

715 414, 10.
727 sq. 527,8. 46624.
505, 25.

750 589, 10.
752 sq. 286. 26,
744 298, 16.

