’8

428 559, 25.
449 208, 7.

INDEX

506 sq. 522, 12,
506 sq. 560, 16.

42 sq. 257, 17. 55,20.

586, 52.

0
196 206, ll. 495 sq· 5 “1:5⁴ 168 sq. 254‚52.
o

12
508 sq. 518. ’

 

455 sq. 464, 11. 516 580. 21. 49 sq. 547, 22.
461 sq. 175, 9. 555 299, 28. 51 sq. 411. 11.
508 580. 25. 544 sq. 200, 5. 510. 55 577, 50.
515 sq. 466, 11. 52. 526, 11. 54 559, 2.
G00r8·.111›.11. 546 sq. 505.24.148.22. 55 50, 9.
v. 1 577. 26. 551 sq. 416, 12. 59 420, 17.
56 2³30„ «ἰ. 554 sq. 457. 52. 62 206, 7.
57 sq. 270, 25, 565 sq. 540. 6. 6ης. 569 2 455 22.
44 552. ‘2- 566 405, 5. 546,15 590 28.
45 sq. 509. 19. 56951.295,6.505,26. 75 590, 7.
50 401. 4. 571 412. 7, 75 568, 21.
77 62, 50. 451, 22. 572 114, 2. 488. 10. 80 259,16. 561.14.
305q.502‚l1.559.20. 575 442, 17. 81 481. 10.
66 241, 29. 560 sq. 271. 55. 82 sd· 24⁷2 22-
95sq.570.10.411.13. 582 196, 6. 64 591, 18. 191‚9.
120 546, 27. 566 590, 29. 547, 55.
125sq.241.24.418.17. 587 519. 12. 86 527, 27.
126 sq. 545, 16. 400 sq. 557.2.564,27. 92 sq. 566, 14.
410, 21. 404 520, 4. . 104 515, 7
128 sq. 545. 20. 1105 sq, 241. 19„ 1033 sq. 519, 25.
150 245. 26. 40ss sq, 482.5.508.20. 118 sq.295‚19.108.28.
154 sq. 255, 5, 539, m 550. 16. 591, 6
160 447, 11. 412 555. 0, 119 240, 27.
165 sq. 505. 22. 417 50. 0· 125 464, 51.
169 297. 50. 441 257„ 23, 158 564, 50.
¹⁷⁰ 235. 8· 447sq.482.29.415.22. ¹59 29¹=24-
177 sq. 525. G. «¹149 194. 22. 141 sq. 2²52, 11.
179 546, ὖ. 470 547„ b 1715sq. 587,7.589,21.
130 llll„ 21). 471 555„ 7· 551, 23.
186 sq. 288. 21. 7172 4557 17, 158 5371, 22·
18 555, 26. 48ss sqq· ¹78„ ἐς. 1156 sq. 5‘10, 11.
209 425, 51. 0. 170 526. 17.
215 421. 4. 520 540. 5 . 1 171 405, 14.
222 500, 25. 5214 207⁴ 5. 4150* ἐς 172 sq. 555, G.
226 275, 29. Gwrg„ m„ m, β 175 167, 2.
250 255, 6. ‚ Ι 176 sq. 512, 8.
254sqq. 59219· 1551 567,19.566.6. ¹84 906- 9·

186 59, 25.

190 291, 25.

191511. 252,15. 517.2.
197 sq. 284.. ss).
201 7108, ὶῖ

256 sq. 511, 4. {7 413.. 2¹·
2ὲῖ 557. 16.
55 sq. 286.. 20.
57 sq. 590, 18.
lai 5'17. 5.

¹ v. 5 555, 8.

 

274 sq. 157, 15.
276 sq. 526, 9.
288 502, 9. 'AG-⁸3, 29.
295 sqq. 3323. ¹23¹».

 

