452 INDEx

 

 

Ac„- m, llll. 519 500, 9. 77sq. 512,25.546,20.
v. 6 555, 27. Ξ 520 sq. 567. 14. 84 191, 17.
29 517, 24. Ι 525 sq. 578, 28. 87 ςς.554,24.450,26.
50 424, 19. 557 sq. 289, 24. 96 272, 7.
51 526, 5 559 519, 29. Ml 566, 7.
55 254, 39. 565 ⁵¹¹5- 465, 19. 115 249, 8.
55 590, 52. 566 sq. 285, 5. 116 555, 27.
61 066, )5. 582 sq. 598, 15. 155 554, 27.
70 sq. 24),15. 404 sq. 197, 17. 156 529, 2.
80 544, 27 407 251, 28. 157 Ml- 528, 55. 529.
885 s.q 528, 50. 415 296, 2. 50. 500, 29.
107 §.q 259,15. Ι 421 sq. 52, 7.250.16. “ 152 sqq. 270, 10.
151 s.q 569, 14. 578, 4. 425 546, 51. 581, 14.
155 252, 24. 424 465, 25, 154 ³11. 282,29.411,5,
155 504, 50 425 28. 455 :32ss, 28· 162 290, 9.
157 559, 6. 457 sq. 464, 14. 175 101, 16.
149 sq. 587 2. 462 194, 5. 180 594, 26.
156 51,240 29 475 5(Ῑ.285,20.29Ι,20. 205 ςιῙ. 255,25. 461.55.
168 401, 22. 486 220, 9. 404. 55. 209 552, 14.
170 505, 24. 405, 10. 215 sq. 295, 24.
185 50, 5 525 465, 20. 222 287, 2.
19ss 577. 10 555 196, 4. 226 566, 29.
205 241, 52. 559 202, 25. 257 461, 6.
210 526, 21. 560 285, 5. 249 520, 21.
211 sq 565 29 565 507, 52. 250 sq. 140, 7.
215 §.q 282, 25. 567 505, 17. 255 504⁷ 10,
216 sq. 405, 572 sq. 504, 6. 265 502, 16. 421, 2.
017 qq 505 19 608 528, 26. 267 545, 26.
208 419, 5. 614 455, 50. 270 588, 21.
250 sq. 565, 28. 616 15, 2. 288 sq. 452, 22.
247 265, 25. 622 sq. 295, 2. 291 251, 11.
251 422, 29. 659 528, 50. 516 556, 5.
252 5(Ι.272,27.555,19. 661 sq. 487, 52. 520 sq. 524, 8.
255 521, 51.414,51. 676 221, 21. 524 29, 16. 257, 27.
262 240, 20. 541, 7. 677 sq. 599, 4. 415, 2,
549, 16. 697 526, 18. 551 sq. 182. 10.
266 sq. 105, 26. 698 sq. 276, 29. 544 sq. 501, 50.
274 sq. 597. 11. Aen. lib. V. 587 251. 20. 514, 52
278 417, 5. v. 15 275, 19. 402 sq. 502. 28.
285 sq. 50,25-242. 15. ξ 21 sq. 586, 6. 406 559, 9.
295 sq. 546. 55. 26 sq. 574, 19. 415 sq. 258, 51.
29ὲί 506, 26. 60 287. 24. 418 404, 25.
510 441, 50. 67 242. 19 422 sq. 500, 7.

 

517 544.20. ρ 75 549. a. , 424 297. 14.

