ἓ 75
75
87
99

115
160
162
168
185
215
218
254
261

lib. ΙΙ.

10
12
17
21
22
50
52
40
55
75
94
96
124
151
159
177
187
190
198
215
217
226

254
259
250
251
277
500

211,19.'
142‚14.

423, 4.
522‚27.

72‚2; 415‚6.
sq. 71, 5.
130,17.512‚14.
150‚2ss.
174,24.251.22.
299‚21.
180‚24. Ι
450,15.
259.19.

485,26.
228,21.
68,20.
60,28.
117, 2.
165,
177,
295,
80,
150,
502,
544,
559,
101, 9.
400,
180,
148,
115,
558,
501,
592,
55,16.
54,25.164,8.
584,15.

60,55.

170, 2.

71, 8.

61, 7.
198,14.505.22.
228.22.491.5L

ν-ιφ
.ᾨῦφὲ’.. ..

19.
12. 175, 24.
12.

ΑΗΟΤΟΒΗΜ.

§505 142,16.162, 9.

516 92,19.
549 150, 29.
564 ’ ’150,52. 175,¹..
lib. III.
ξ 17 107,10.
25 281, 11.
50 515, 51. 585,15
56 189, 5.
45 162, 15.
47 175, 27.
51 450, 20.
62 470, 15.
69 290, 21.
71 142, 25.
75 142, 21.
81 82, 20.
99 155, 25. 96, 29.
100 450, 25.
119 480, 9.
122 128, 25. 92, 25.
1⁴2 '56‚16.
154 16, 7. 189, 8.
122, 17.
170 505, 9.
171 188, ¹²4.
180 472, 2.
185 101, 15.
214 524, 16.
218 16, 7.
220 575. 26.
224 259, 21.
in Oratore.
,ξ 11 209, 25.
20 115, 26.
21 59, 51.
25 69, 4.
27 460, 28.
28 60, 8.
58 525, 8.
59 177, 9.
40 60, 15.
47 60, 21.
50 55, 15.

Ι

425

ἓ 56
57
59
60
62
64
78
80
81
88

122

125

55,
207,
207, .
188,
155,
459,
546, 17.
177, 14.
540, 4.
177, 18.
211, 6.
152, 20. 150,14.
145 400, 25.
154 177, 28.
157 60, 25.
159 161, 11.
177 491, 11.
191 142, 10.
215 150, 17.
255 177, 50.
pro Caelio
ἓ 46 209,
in Catilinam
lib. 1§ 6 555, 25.
lib. II§ 1 405, 51,
7 119,11.
22 556, 20.
406, 16.

{1

0210——
hev—..110

24. 281, 9.

27.

1Γο Cluentio

ἓ 94 10, 27.

pro Marcello

ἓ 2 457, 9. 259, 2.

Phiiippicarum

lib. I
ξ 1

222,14.299, 8.

289, 4. 527, 25.

5 50,15.

4 585, 22.

55 ..55, 15.
lib. 11 ἓ 6
18

005, 17.
295, 7.
25 287, 12.
27 209, 8.
51 587, 12.

