ξ 161 274, 25. ,ξ 165. 29.
112 165, 4.216,15. 85 52451. 8216.
543, 22. 228, 5. Tusculanarum [Tusculanorum
520, 14.596,19. eod. L.]
115 285, 55. lib. I.
117 169, 6.261,51. ἓ 5 555, 2.
118 41, 26. 16 461, 26. 121, 5.
de Senectute 555, 8.
3· 2 547,11. 11 575, 27.
4 515, 2. 18 66, 6.
5 547, 4. 22 269,12.
16 501, 5. 547, 16. 28 66,15.
25 565, 51. 57 272, 51
26 285, 14. 546, 10. 5ss 500, 52
28 585, 24. 545 25. 46 541, 56. 275, 8.
51 522,15. 42 272, 25.
55 571, 28. 497, 55 45 254, 56
549, 9. 45 161, 8
54 595, 9. 246, 26. 4ss 56, 14,
56 55,25. 47 55, 26.
5⁷ 529, 52· 69 122,17.
5ss 105,17. 9¹2 10· 95 26515262, 5.
40 500⁷ 55· 107 471, 27.479,29.
42 51655- 118 167, 28.
45 195,50. 42 11. 1ffi,1[
46 256, 4. 578, 24. g 5 69, 15,
572, 25- 55 165, 28.
48 2, 10-417225· 45 92, 26. 5212.
51 401,10. 42 16. 54 259, 17.
22526- 64 189,17.
52 227, 11 195,14. fib,11[
54 275 12. g 2 416, 52.
55 419, 7. 16 122, 25.
56 488, 22.170, 55. 11 445, 4,
57 76. 26. 482, 16- 14 445, 1412229.
59 466 55. 17 47,11.
65 455 52. 456, 28. 26 445, 26.
50. 1⁴2)- 100,27. 25 445, 2949525.
67 294, 24. 515, 5. 55 66, 26.
469, 29. 42 26, 26.
76 244, 51. 45 556, 25.
72 42, 22- 44 545, 24.
78 41, 55. 45 181, 2.
85 276, 2. 276. 52. 46 542. 19.

AUCTORUM.

1

ἓ 74 29,
85 92,
lib. 1111.
ἓ 14 95,
16 445,
105,
20 227,
21 105,
25 142,
26 85,
27 52,
444,
51 161.
55 61),
55 498,
56 179,
45 154,
65 270,
66 444.
lib. V.
ἓ 1 165,
5 295,
4 251,
9 451,
15 160,
16 292,
17 129,
24 286.
27 555,
51 402,
54 457,
57 512,
58 95,
45 444,
46 152,
48 457,
52 444,
57 241,
53 122,
62 255,
(35 555,
75 80,
77 415,
81 41.

427

51.

50.

0

25.
16.
11.
18.
27.
7.
14. 115, 16.
2.
25.
10.
2. 175,50.
28.

16, 25.

9090

19.
17.
16.
11.
27.

