454

1116 sq. 160. 12.

1150 248. 5
1 155 205, 21
1161 115, 0.
1171 255.. 20.

lib. ΙΙΙ.

v. 7 sq. 506, 9. 420. 51.

1744 5
52 54:325.

157 ὲζζὶὲἷ. 4.

lssos q 124, 8.
519 104,11.
582 75, 0
472 199, 4.
541 77, 51.
070 315, 15
’721 105. 8.
722 sqq. 159, 26.
752 72,12.
700 181, ’ 4.
919 94, 2.

1010 sq. 424, 20. 298. 8.
1050 sq. 481, 27.

13³.. 1111.

ι. 2⁵¹]- 51915. 252. 8.

11 sq 415,15. 190,25.
5155sp 241, 5.0

48 199,
59 sq. 251, 14. 458,14.
117 209,17.
0205 ⁸“1‘2‘47' 11. 510, 55.
529 sq. 455, 7
565 175, 14
058 95, 29.
955 218. 20.
1006 sq. 19220
1208 sq. 250. 15.

1258 75, 8.

1248 sq. 158, 18.

lib. V.

v. 72 sq. 415-
95 227. 24.
200 487.. ‹⁵3›

2:37 254. 2.

51.

‚w

INDEX

256 sq. 205. 27.

514 225, 20.
517 15, 0.
805 15, 10.
888 15, 12.
908 105, 27.
948 504, 7.
1055 457, 15.
1058 sq. 74, 17.
1065 221, 18.
1009 450, 9. 17, 10.
1070 80, 50.
1095 sq. 506, 14.
1295 15, 18.
1517 154, 8.
lib. VI.

v. 119 24²5. 5.
156 487. 4.

160 sq. 50611.
214 506. 12.
559 482, 24.
564 205, 25.
526 425. 5.
645 495,17.
652 15614.

741 sq. 14, 7.
770 227, 20.
782 sq. 594, 17.
955 487, 8.
977 sq. 594, 19.
1097 157, 55.
1194 181, 27.
LUCRETIUS Comicus
Numolaria F 507. 22.
IUCULLUS v. F mcs
M {CER v. Amnucs.
nemus..
meumes.

Μ 1ΝΙΕΙΠ5 cr. ustus

in libro de d orum hymnis

F 500, 55. ”
MARCIANUS v. nux.
MARO v. vmcnmts.

M ASURIUS suuxvs

ἒ

.

 

lib. xvn. 108. 25.
MATTIUS ,«
106, 25. 167, 17.

MEMMIUS 194, 52.
MENANDER 120,

16.
286, 19. 587‚50. 335650.

MNASEAS in Europae libro

F 551), 5.

MEHOS in tragoedia Her·-

culis F 565, 25.

NAEVIUS 110. 17. 120,

10. 200, 24. 205,
207. 20. 214, 9.
Agrypnuntibuz
65, 5. 150, 22.
Αςςίῐοξξὶοίιι 155, 25.
Carmine 501, 16.
Carmine belli Poenici
197, 15.
lib. Ιῐ. 555, 5. 474, 6.
ΙΞΕ). In. 70, 5. 110, 50.
lib. llll. 90,28. 97,18.
185, 15. 408, 27.
lib. VI. 211..4. 267,18.
525. 0. 515, 10. 55.
lib. VII. 474, 10.
Colace 04, 9. 576, 12.
)... ι’)...
omnm-ia F 505, 5.]
Danae 124, 15. 158, 15.
180, 22. 202, 24. 291.
5. 506, 7. 506, 4. 456-
24. 469. 55. 475, 51.
504. 2.Π518, 2.
Dic ὼε) 'an F 505, 17.
[12 rotop »σο nion 155 {23 3]
Ιῖιιιίει trin i³151, 2.
Gysnnastico 150, 7. 159,
0. 224, 25. 279, 55. 592,
24. 421, 25. 480, 52.
[Iphigenia 570, 2413]
Lycurgo 0. 16. 9, 25. 14,
22. 75. 17. 84, 52. 109,
25. 124. 27. 29. 159,7.

27.

