1142 INDEX

[tammus QUADRIGARIUS 11. 5 521, 15. 90, 1 498, 24.
228, 10. 471. 20. 14, 7 455, 20. [95. 5 129. 20.*31
Athalibus (Rerum Roma- 15, 5 26¹3, 21 427,5. 95, 4 424, 8.
narum) 29, 8. 90, 17. 25, 1 510, 5. 541,1ῡ. 96, 2 209, 51.
212, 17. 480, 14. 50, 5 484, 15. 98, 4 522, 52.
lib. I. 222, 2. 508,17. 55, 2 590, 24. 599, 55.
lib. ΙΙ. 154, 55. 5¹39st . 52, 15 517, 52. 105, 6 25, 15.
514, 10.ss §.¹7 21. 56. 2 499, 15106, 5 425, 24.
lib. III. 97,55. 475, 26. 5 554, 11.107, 1 42 ’2, 25.
508, 50. 516, 11. 58. 17ἱ 242, 18. 451. 8. {lis tor-iis 60, 25. [129, 20.
lib. 1111. 76, 11. 418, 2. 442, 22. 4 16. 28. ‘?]489, 25. 524, 10.
lib. V. 472, 17. 19 555, 52. Ι lib. I. 51,26.92,8. 140,-

lib. VI. 267,21. 511.25.
lib. VII. 119, 52. „
lib. V111.l177,6.
lib. XII. 5)5, 25.
lib. XVI. 122,14.465,5.
lib. XXI. 510, 19.
RABIRIUS in Satyra
F 567, 10.
RUTILIUS Gmnxcs

59, 5 489. 51. 28-208, 16. 229,4. 251,
60, 2 554, 50. 17.264,17.276,16.282,
in Iugurtha (Iugurthae beno. 20.286,16.510,12.452,
Iugurthino bello) 52. 455, 5. 5. 526, 11.
1, 5 516, 7. 550, 50.
2, 4 82, 5. lib. ΙΙ. 55, 2. 101, 15.
8, 1 407, 28. 127, 27. 172, 11. 177,
10, 1 110. 5. 22. 180, 21. 202, 8. 215,
15. 5 25 9, 1³¹ ›. 52. 222, 22. 280, 20.
in Astyanactis tragoedia 4 260, 16 286, 16. 510, 21. 515,
. F 560, 15. 14, 11 14. 52 5. 585, 4. 598, 7. 449.
ἰιι libris pontificalibus 15, 5 506, b. 28. 497, 25. 505, 52.
F 560, 51. 16, 1 566, 2 554, 50. 555,2. 558, 20. '
SABINUS v. nusunws. 25, 10 498, 22. lib. HI. 7,8.22,18.116,
20. 157, 9-188, 15. 255.
14. 259 4. 281,51.514.
25. 525,Ι .558, 14. 406,
10.456,14.489,8.502.
.554, 18. 26. 558, 52.
555, 22. 27. 52. 554, 55.
lib. ΗΠ. 95, 21. 152,22.
¹

SALLUSTIUS
in Catilina (Catilinae bello)

51, 15 504, 18.
46, 1 525, 28.
1, 1 571,15.509.11. 7 2⁴¹*
2, 2 564, 16.

8 419, 26.

9 509. 27.

5, 4 522,..5.

48, 1

l
Ι
l
1

ιοὺν
000
&1100
. &fia--

0

01

¹— ν 0
00 QG ’ς ἰ’ ὐ
Ca ν

t·—

,AN

Φ

Φ

0.
05:10 · ⁰
ἡ
010

 

4.. 2 512.. 16. , 158,4. 186, 19. 258,25

5, 1 551, 22. 57, 4 '² 260, 51. 518, 28. 521,
2 455, 18. 65, 2 545, 4 24. 566, 11. 489, 26.
4 459, 24. 70, 1 400, 17 492.50. 555, 9. 15. 554,

6, 1 249, 50. 71, 1 6, 5. 295 ¹) 20. 556, 18.

7, 4 455, 19. 4 595.. 55· lib. V. 158, 9. 256, 18.
5 115, 5. 80, 6 555, 28. 597. 15.
6 442, 18. 85, 10 596, 20- lib. XI. 495, 55.

8. 5 522, 50. 29 554.. 15. SANTRA de verborum anti-

9. 2 598, 17. 51 260, 24. quitatc 170. 22.

10. 6 199. 5. 55 522. 5. lib. ῘῘῘ. 117, 19.

