204 528, 2.
214 265, 15.
215 51]. 252, 9.
21751].401,14.285,29.
221 557,15.466,24.
[505, 242]
51]. 418, 6. 79, 6.
“” 12, 12.

9 51]. 568,19.444,18.
252 51]. 412, 27.
242 sqq. 446, 7.
245 457, 10.

258 sq. 285,15. 418,50.
270 589, 5.

278 sq. 409, 15.
289 51]. 418, 19.
297 sq. 589, 14.
299 411, 10.

510 541, 5.

 

ΦΙ
μ
1&

551, 25.

517 514, 2. 589, 5.
525 548, 11.

525 252, 15.

526 411, 16.

529 sq. 216, 51

551 247, 8.

555 411, 26

556 51]. 251, 26
545 526, 51.

547 512, 17.

554 51]. 526.. 28

561 459, 20. Ι
565 51]. 580,26 272,9
577 51] 446 14.

584 212.19.
589 sq. 568, 25.

 

405 568. 8.
406 sq. 241, 15.

415 564,55.

415 515, 6.

420 252,55.

421 406, 29.
45051, 24222. 527‚9.

 

AUCTORUM.
451 298,10.
454 244, 4. 295,28.

45751].457,11.458,11.
459 548, 5.

447 589, 50.

448 409, 51.
455sq. 455,2.459,12.
498 sq. 517, 15.
515 571, 50.

517 551. 5.

522 sq. 418, 4.

525 sq. 514, 5.

556 266, 5.

559 419, 19.

Georg. lib. IIII.
v. 1 576, 20.

δ
1

sssq. 51.12.551,25.1

8 567. 5.

16 51]. 459. 28.
55 sq. 265. 8.
41 558, 14.
45 51 1, 28.
55 sq. 511.
58 sq. 555, 25.
75 408, 12.

84 446. 26.

89 51]. 452. 10

107 sq. 252, 2
114 sq. 459. 5
120 208. 52.
129 595, 17.
150 579, 26.
158 529. 14.
159 51](]. 41,17.565,4.

144 284, 27.
168 55, 19. 460, 6.
176 257, 21.

182 202,11.

185 549, 6.

195 87, 8.

204 512, 20.
206 sq. 295, 29.
218 567. 8.

215 sq. 547. 24.

:t
’ἶ

τ

ἶ
Ι

 

ἰ

459

258 252, 55.
244 50, 12.
246 28⁸5, 5.
247 192, 12.
277 244, 5.

285 sq. 257. 18
294 527, 21.

501 51]. 568, 50.
505 51]. 587, 10.
507 516, 12.
52151]. 545,27.412,5.
520, 8.

ὲ
σε

527 460,5.158.50.
550 550,28.449,27.
552 215, 52.

554 sq. 252, 4.
546 5101145529
548 25511.

579 58, 51.

580 546, 22.

585 587 52.

585 587.17.

586 557,26.’

589 55020.

596 255, 2.

405 254,15.411,55.

412 258, 25.
41681].245,20.257,25.
426 51]. 519, 50.
452 589, 8.

458 256, 55.

459 sq. 555, 50.
441 521, 55.

445 51]. 262, 18.
458 525, 15.

460 sq. 588, ¹7.
485 412, 9.
489 525, 15.
496 555, 26.

507 51]. 526, 4.

512 sq. 560,8. 288,5.
514 sq. 126, 52.
522 405, 6.

554 sq. 460, 12.
547 541. 22.

