v, 1, 1ο 227,17.

16 sq. 562, 21.

50 504, 19.
56 191, 21.
75 588, 10.

460, 15.

Asinaria 505, 27. 555, 10.

F 505, 20.
I, 1, 1 sq. 595, 20.
7 561, 11.
48 575, 11.
50 215, 26.
58 285, 22.
61 454, 8.
62 501, 9.
65 85, 8.
69 295, 5.
81 sq. 51, 11.
89 471, 55.
96 478, 50.
2, 7 155, 19.

28.
529, 2.
22 509,15.
495, 10.
44 sq. 76, 50.

64 45, 25.

69 sq· 186, 11.
94 296, 6.
95 459, 18.
11, 1, 10 552, 55.
14 414, 18.
16 414, 19.
18 146, 2.
2. 5 472, 15.
8 72, 16.

ἔέ
01

AUCTORUM.

16
18
20
25
29
52
58
41
55
54

271,
146,

72,
112,

2.

4.
14.
19.

412, 20.

252,

250,

550,
ὅ,

227,
109,

18
10.
27.
6.
22.
9.

30 s1. 193, 25.
90 194,1ο.

108
110
5,11

476,

44,

55.

4,19 192,16.
ΙΙΙ, 1, 5sq. 151, 15.
575,
14sq. 151, 226.
lsssq. 85, 28
55 470, 6.

2, 5

5

5, 2
10

59

70

78

116

155
ΙΙΙΙ, 1,1
19
55

59

44
47
60
62
V, 2, 7

12 s«.

17

260

144,2
549,
118,
454,

79.
’5, 51.

7.

52.
29.
16.

9.

,-

ι)-

‘, 28.
'³ ,15.

190,15.

ἴ

As traha

42
44
45
52
60
62
87
92

576, 8.
Aulularia 98, 26. 120,4.
225, 8. 552,51. 558, 12.
Prol. 5 sq. 250, 11.
5 518, 7.

ΙΙ,

15

275,
559,

457

24.
6.
11.

, 2.
, 23.
, 25.
, 27.
137,
62, 55.

5.
69, 55.

10.

55.

16 sq. 520, 16.
18 sq. 128, 50.
21 sq. 575, 7.
I, 1, 5

6

10
11

45,
531,
595,
115,

73,

10.
10.
20.

5.

5.

14 sq. 560, 5.

56

, 1

5
6
17
50
58

,45

45

,14

22
56
58
57
60
62
67

2 17,
454,
435,
125,
545,

45,
476,
479,
273,
504,

45,
540,
529,
454,
454,
159,
249,
455,

496,

28.
27.
19.
18.
25.

7.
17.
25.
17.

955ςῖ5

01 01

P*Q??.0.0¹

ι-Φῐϋὰῢῐ

