452
25., 19. 57, 14. 65, 29.
86, 14. 102, 9. 20. 129,

28.1(37 99167 19.
916 52. 961 96. 966
6. 991, 50. 556 14.
659 91

lib. ΙΙΙ, 21, 2. 15. 25,
9125,

28. 58, 27. 6),
25. 150, 17. 164, 52.
,175, 16. 206, 15. 211L
5.217, 15. 279, 18. 596,
15. 4ἒ ’6, 5. 475, 21.
489,12.

111). IIII. 16 29. 81,
158, 16. 206, 27. 207,
26. 208, 17. 251, 7.
257, 17 595, 28. 427,
11. lst 17,.17 458,5.477,
8. 478, 55. 489, 14.
111). V. 11, 8.15,
155, 15. 154, 27. 158,
55. 175, 17. 201, ,9
209, 2. 255, 28. 261, 4.
281, 16. 541, 52. 565,
25. 592, 2. 445, 27.
455, 14, 497, 11. 515,
5. 546, 50. 552, 18.
lib. VI. 21, 19. 68, 29.
78,5.105.29.111,18.
125, 9. 156, 50. 157,
25. 159, 50. 160, 8.

25.

181, 28. 189, 55. 212,

12. 281, 22. 524, 5.
565, 5. 498, 7. 8. 500,
21. 540, 27.

lib. VII. 19. 24.
50. 25, 5. 95,15
10. 159,5. 169, 51. 200,
16. 215,5.258, 51.546,
15. 551, 25. 595, 28.
598, 51. 450,12. 457, 18.
496, 17. 506, 7. 555 ,.2
lib. VIII. 4, 10. 81, 5
84, 11. 119. 21. 212,

21, 24.
,110

lib. XVIII. 115, 7.

INDEX

52. 217, 21. 427, 25.

489, 20. 555, 27.
111», vnn. 18, 22.

17. 166, 12.
216, 15.
286, 52. 508, 17.
(1. 445
498,9.’102, ’1“1

18. 517, 50. 555, 4.

lib. XI. 8, 25. 18, 17.
22, 50. 79, 26. 181. 29.
212, 8. 227, 55. 276.

25. 505 29. 558, 10
544, 50. 594, 22. 506, 20.

lib. XII. 149, 7. 565, 8.
512, 20. 515, 2.

111ιέ XIII. 204, 18. 216,

.261,. ·3 .,281 24. 598,
25. 42514. 15. 511,
16. 519,12.

111). XIIII. 17, 24. 18, 52.
184, 17. 219, 6. 220,
20. 250, 18. 426, 4. 470,
24. 477, 10. 481, 22.
519, 9. 555, 29.

lib. XV. 2, 27. 16, 51.
22, 5. 927. 56, 6. 125,
26. 124, 16. 215, 19.
544, 28. 597, 26. 445,

18. 447, 7. 479, 5. 490,

24. 555, 14. '5512 28.

557, 9. 558

lib. XVI. 98,119. 201, 4.
16. 255 5, 4. 422, 55.
515, 5. 15.

lib. XVII. 7, 2. 25, 52.
26, 11. 154, 5.5 145,
6. 214, 17..6’12, 7.

8. 445, 51. 495, 52.
544. 11.

19,26.
67, 12. 149, 25. 165,
212, 52.
260, 27. 29.
⁸428.
22. 45 ι, 16.
505,15.
111. X. 219, ,10. 25ῑί ,5,
[262,11.‘.³] 596,17. 512,

528,

————-————————

111). XVIIII. 12, 4. 56, 5
14.),52.176,12.196.
12. 558, 2. 10. 596, 19.
405, 5. 456, 51.

lib. XX. 19, 5. 67, 14.
157, 28. 151, 5. 201,

21. 427, 50. 490, 51.
lib. XXII. 67, 4. 210.
28. 215, 5. 255,14.

lib. XXVI. 18, 6. 25,14.
58, 4. 7. 12. 16. 18. 25.
28. 74, 20. 25. 29. 78,
15. 88, 26. 28. 52. 96,
4. 97, 7. 11. 105, 52.
110, 18. 26. 117, 51.
125, 55. 126, 5. 158,
25. 158, 11. 165, 15,
185, 50. 186, 50. 55.
191, 19. 214, 27. 258,
25. 245,51. 249,5.25Ο,
19. 255, 15. 254, 6. 265,
5, 268, 29. 269, 7. 271,
29. 272, 25. 55. 275,
21. 281, 14. 285, 24.
289, 12. 291, 7. 295,5.
294, 7. 297, 12. 51. 524,
12. 527, 25. 550, 15.
557, 10. 551, 2. 4, 7.
555, 10. 559, 15. 560.
21. 566, 21. 567, 10.
572, 6. 575, 2. 581, 25.
582, 51. 588, 16. 594,
28. 596, 9. 406, 25408,
24. 420, 27. 456, 7. 457,
15, 17,21. 491, 29. 497,
50. 499, 18. 502, 8. 521,
2. 526, 12. 528, 9.
lib. XXVII. 21, 4. 27,6.
29, 6.28. 57, 8, 15. 18.
22, 28. 88, 7. 9. 17.
158, 18. 21. 196, 18.
200, 18. 215, 52. 257,
28. 258, 12. 22. 255,

25. 270, 2. 275, 5. 12.

