456

5. 280, 27. 516, 19. 595,
5. 470, 19. 496, 50.
Iliona 16, 18. 75, 15. 88,
5. 97, 14. 98, 14. 104,
6. 124, 24. 185,20. 559,
2. [582,9.‘.’] 470, 7. 475,
28. [505, 272]
Medo 6, 28. 75, 21. 74,
25. 77, 25. 79, 4. 170,
19. 176, 5. 178, 10.

(197, 55.) 246, 4. 524,

 

 

55. 46 7, 24. 566, 17.
Ni qtm 49, )1. 52, 52.

77, 25. [225,2

21. 575, 6.

Ωὲ] 248,

Paulo 490, 5. 5οἸ,
stilo, 9?]
Periboea 1,3Ᾰ 5 2 15

17. 22, 16. 25, 8. 84.
22. 156, 55. 155, .
178, 7. 183, 26. 215, 12.
228, 17. 257, 5. 262,
28. 292,6. 556,25.555,
14. 406, 9. 450, 15. 467,
55. 471,6. 472,22. 476,
12. 477,5. 495,28. 498,
11. 501, 21. 505, «18.
521, 9.
Seudouc comoedia 1*Ἴ 561,
15.

[Tantalo 65, 2.·2]
Teucro 74, 51. 111. 28.
121, 15. 152, 29, 154,
5. 155, 5. 159, 18. 169,
04

a .185, 4. 245 ),5. 508,
51. oo 467, 5⁰. 414, *h*

490, 18. 566, 26.
tragoedia Thyestis F 567,
8.
PAMMATIUS F 564, ’16.
PETRONIUS Amnum
F 565, 14. 566, 2.
567, 16. 20.
PlC'roR v.

26.

rumh.

PLAUTUS 8, 50. 9,

INDEX

20.
119, 25. [145, 152] 180,

12. 205, 4. 217, 18. 447.

18. 461, 50. F 363, 3
366, 16.

Agroico 196, 55.
Acau'istione 157, 6.

Plinius N. 11. 14, 15.)

Amphitryone 44, 28. 29.
,247,7.105,22. 182,

26. 225, 6 255,15 257,
8. 285, 25. 53¹¹ ,55 .435
50. 434,5 45 9. 16.
Prologo
v. 1 215. 6.
67 99, 9.
98 487, 51.
108 251, 2.
117 224, 51.
125 58, 9. 41, 24.
l, 1, 8 515, 6.
20 501, 27.
24 45, 14.
25 552, 27.
52 498, 5.
47 551, 16.

54 sq. 128, 17.

78 sq. 272, 29.
85 480, 20.
84 595, 11.
90 128, 22.
97 251, 24.
101 496, 9.
502, 15.
106 266, 22.
120 591, 19.
595. ’12.
127 521, 19.
145 561, 6.
157 178. 27.
161 54, 8.
168 295, 10.
201 171, 8.
202 171. 9,

(cf.

 

ἱ
ι

875 848, 88.
888 ι79,17.
889 8οο,88.
506 888, 85.
8 86 57, 24.
55 501, 89.
5. 89 sq. 58819.

51 45, 18.

59 198, 52.
11. 1, 4 179, 50.
20 462, 22.
45 569, 28.
69 521, 51.
79 44, 15.
84 175, 17.
2, 41 148, 9.
255, 10.
410, 14.
44 459, 8.
46 167, 2.
75 51, 50.
78 44, 18.
81 559, 17.
95 18, 7.
159, 5. .
107 sq. 44, 25.
144 261, 28.
194 76, 18.
206 sq. 262, 25.
215 9, 9.
214 278, 9.
213 435, 23.
223 55, 55.
ΙΙΙ, 2, 2 456. 15.
19 148, 12.
20 sqq. 185, 10.
55 564, 1' 3.
5, 258 sq. 88, 22.
1111,'0.15 4),16.
supps.o 5 sq. 542, 6.

[5 808· ..Ι 898 112]

