Nuntiis Bacchis 78, 28.
104, 17.
SEMPRONIUS v. ASELLio.
SERENUS
61, 51. 225, 25.
in opusculis Ruralibus
210, 20. 212, 25. 258,
2. 451, 19. 467, 25.
lib. l. 559, 19.
SISENNA 127, 29.
Historiarum
· lib. 1. 168, 9. 187, 52.
576, 26.
lib. ΙΙ. 57, 28.
lib. 111. 57, 52, 58, 5.
70,52. 80,5. 82,6. 101,
6. 7. 125, 17. 126, 9.
150, 2. 7. 11. 155, 51.
141, 25. 27.51. 162,2.
188, 17. 250, 19. 256.
26. 548, 15. 561, 19.
565, 5. 567, 52. 448,
55. 480, 55. 484, 17.
19. 491, 26. 492, 28.
502, 25. 26. 516, 29.

527,15.554,11.555,
5.558,29.552,12.555.
16.25.555,22.556.4.8.
nh.11n; 10,25.40,10
58, 7.11.111 68,15.
25.75,15.91,22.24.
22 51 92,2.98,52
99,6.1ῡ7,15.18.22.
115. 24. 26. 115, 12.
142,5.
145,21.159,16.161,
26.51.162,4.7.195.
27.55.205,17.207,5.
8.222,26.255,16.256,
7.257,12.258,6.26.
265,11.264,29.275,
5.271,23.277,11.289.
11.294,3.296,55.559.
16.554,6.556,28.561.

127, 5. 155, 2.

 

 

AUCTORUM.

27.565‚17.564,6.576„
28. 400,51. 425, 8429,
14. 449, 5. 1Ο.18. 471.
22. 495, 11. 502, 19.
514, 6. 516,51. 522, 17.
554,21.28. 556,4. 556,
4. 6. 7. 9. 15. 16. 21.

lib. V. 87, 2. 95, 51.
lib. VI. 486, 50.

lib. VIII. 592, 8.

lib. XXIII. 468, 16.

SOLICRATES F 5595&
STESIMBROTUS 'rust-suus

F 558, 56.

SUTRIUS

in comoedia Piscatoria

F 566, 7.

TACITUS v. commus.
TAGES iu Aruspieinis

F 566, 1 1.

TERENTIUS [262,152]

Adelphis
l, 1, 2

1
465,
25 298..
40 559, 8
55 245, 12.
⁰ 6 51 96, 7.
II, 1 1 51, 5
5 408, 25.
15 256, 15.
15 567, 25.
17 458, 6.
20 458, 8.
42 588, 8.
2, 9 269, 28.
5, 10 505, 26.
ΙΙΙ, 2, 16 572, 52.
21 580, 14,
57 548, 19.
5, 1 sq. 222, 10
48 575, 4
79.,. ·72,1

 

 

...Μ-

445

4, 40 284, 20.
45 499, 19.

ull, 1, 4 597, 14.

2, 15 285, 10.
59 190, 11.
48 294, 29.
V, 4., 1 599, 11.

22 481, 26.
9, 28 575, 16.

495, 16,
Andria
Prol. 8 59, 15.
15 59, 17.

22 sq. 59, 17,
27 291, 2.

402,21.
L 1, 7 501,19.
12 517,25.
566, G.
ib 252,22.
22 275 25.
52 29,5Ο.
41 215,21
425Ἷ. 499,2υ.

47 sq. 512, 2.

55 51 7, 50.

75 280, 8.
96 sq. 585, 9.
105 456, 11.

110 584, 24.
114 569, 29.
154 sq. 446, 29.
159 sq. 575, 16.

578, 22.

μ

⁰ *namnet—»AN

10
Q

5⁴1

ῢῐῢῖὢθῖθῧῦῦὶῦ
Ξ
10
ἓ
ἢ
ι-

