440

Mustellarin

1, 1, 1 sq

11

. 55, 21.

259, 16.
81, 18.

41 108. 2.

50

79, 50.

2. 27 sqq. 581, 2,

5. 68 561, 29.
69 202. 26.
97 196, 19.

Nervularia 127, 26. 169, 8.

Parasito v. Medico.

Persa Ι, 5. 9 118, 51.
24 10, 2.
42 179, 25.
ΙΙ, 1, 2 10, 9.
5, 5 510, 25.
5, 4 258, 11.
7 479, 16.
ΙΙΙ, 1, 18 542, 21.

19 sq. 177, 11.

69 495, 16.

5. 4 10, 15.
447, 2.
16 11, 6.

1111. 5. 25 210, 18.
65 87, 20.

4. 59 150, 5.
154, 50.

6. 7 468, 20.
Plocino 149, 9.
Poenulo

Prnl. 48 sq. 11, 26.
[65 F 559. 102]
88 sqq. 597, 25.
96 104, 22.
I, 1, 11 199, 15.
2, 28 sq. 510, 50.
99 11, 55.
122 510, 55.
144 104, 10.
152 100, 25.
181 157, 20.
ΙΙ. 1. 1 128. 28.

Rudente 145, ο.

INDEX

41 sq. 424, 21.
52 407, 11.
ΙΙΙ, 1, 4 555, 11.
29 181, 18.
54 507, 10.
56 sq. 166, 7.
5. 12.
2, 2 258, 12.
4, 55 446, 55.
5, 46 sqq. 592, 21.

vnn-

ΙΙΙΙ, 2, 55 597, 5.
85 125, 25.
86 199, 19.
V, 2. 10 175, 11.
151 52, 50.
Pseudulo
Ι, 1, 5 sq. 501, 10.
8 466, 2ο.
505, 26

66 422, 50.
68 184, 29.
2, 6 20, 12.
21 227, 20.
50 sq. 594, 52.
500, 17.
5, 47 sq. 425, 29.
85 551, 29.
148 170, 25.
5, 159 11, 20.
11. [2. 14 F 565, 2053]
5, 8 84, 19.
4, 48 556, 24.
51 551, 9. 20.
72 sq. 554, 19.
ΙΙΙ, 1, 1 97, 17.
2, 75 84, 17.
ΙΙΙΙ, 7, 6 555, 29.
V, 2, 9 164, 50.
Ι, 2, 78 519, 25.
5, 6 sqq. 511, 10.
18 145, 8.
ΙΙ, 5, 46 562, 28.
8. 49 sq. 408. 4.

ΙΙΙ, 2, 4 155, 28.
45 291, 29.
4, 21 245, 7.
ΙΙΙΙ, 2, 5 555, 20.
5, 1 221, 28.
5 sq. 158, 27.
81 555, 21.
99 218, 6.
4. 17 sq. 507, 4.
5, 14 70, 50.
V, 2, 27 151, 10.
5, [6 sq. F 588,18.‘?]
48 142, 55.
Scematico 554, 8.

Sticho
1, 2, 18 515, 17.
87 470, 9.

5, [65 F 585, 275²]
87 509, 26.
115 sq. 292, 5.
ΙΙ, 2, 24 sq. 192, 14.
[28 F 585, 512]
42 sqq. 555, 25.
45 11, 50.
ΙΙΙ, 2, 46 468. 21.
V, 4, 10 511, 20.
41 210, 22.

5, 19 5, 27.
Tiberio 154, 28.
Trinummo

Prol. 1 497, 8.
I, 2, 129 sqq. 525, 28.
156 sq. 584, 10.
54, 15.
160 522, 5.
ΙΙ, ’1, 20 sq. 81, 19.
484, 26.

21 sq. 12, 18.
2, 1 574, 28.
51 212, 28.
64 425, 52.
4, 8 220, 12.
66 504, 24.
154 sqq. 125, 20

