428

3· 57 558, 2. 525 1)
55626.
69 559,15.
76 244, 16.
75 265, 56.
66 265 18. 517, 4.
81 498, 25.
82 285 29.
85 564 19.
66 515, 25.
67 259,12.
66 514, 28. 094.52
471, 24.
96 427, 6564 51
589, 25.
91 17, 8.
96 254.18.
164 55652.
166 559, 29.
166 409,19.
116 515.18.
114 241, 5.
116 559, 24.
116 5242255617
126 29, 4.
122 261, 52.
125 556, 2545616
124 569, 52.
126 226, 2645.) 22
129 29, 22.
156 455, 26. 29, 26.
156 241, 677624.
156 546 26.
159 152. 2554615
142 56, 2.
146 2562125416
147 471, 51.
149 559, 5651652.
156 24, 2741629.
151 496, 27.
nb. 11.
§ 2 566, 424615.
266, 14. 56.
5 546. 56.

INDEX
,ξ 4 279, 8.
5 571.19·.
6 266, 19. 21.
9 269, 14.
11 127, 55.
14 550, 20.
15 275.14.
16 165. 2165, 2.
21 285. 12.
22 274,16.
25 527, 29.
25 266, 51. 41. 7.
26 551, 25.
28 407, 19.
29 499. 26.
56 296, 626616.
56 205.15.490,10.
46 25626.
45 246, 16264, 7.
45 462, 25.
46 556, 25.
51 456, 257619.
55 561, 21.
55 41,11.
66 296, 25.
69 51, 4266 52.
71 259, 55.
75 7622.
77 561, 50.
lib. 111.
ἓ 1 256, 26. 25655.
5 564,16.
4 27612.
6 451, 22. 215, 4.
16 462,14.
11 267, 15. 55626.
12 126, 656626.
15 552, 22. 572, 8.
14 555, 526614.
15 466, 26255, 9.
426, 51.
25 266, 6.
24 466, 21.
26 19614.

52 27.16,

55 465, 5629626.

55 258 7.514.11.

56 415, 4.

58 99, 5. 556 8
565, 25.

59 508. 20.289.50.

40 254. 55.

42 58. 6.

45 244, 26. 561, 2.

45 266,15.464,25.
564, 8.

46 585, 55. 549,25.

49 400. 4.

50 464, 2.251,17.
509. 9.

55 579. 28.284,25.

56 118. 21.555,52.

59 549, 4.

61 419, 5.

62 128.10.

65 571, 16.

66 147, 5254625.
571, 4.

66 56614.

75 516, 26.

74 562, 26.

75 516, 625626.
294, 16.

76 465,16.551,11.

77 547, 27.

79 264, 5.

80 257. 11.

81 500, 2.298,28.

66 116, 18.515, 8.

88 15616.

89 59626.

96 547, 26462, 8.

91 112, 15. ’

92 496, 6. 57, 4.
545, 15.

95 415, 18.509,51.
279, 15.591,27.

66 285. 20.

