454 lNDEx

 

188 516,26.554.8. 756 5,. 265, 55. 564 442, 27.
199 245, 19. 742 199, 56. 588 252, 18.
208 505. 4. 767 287,18. 585 257, 26.
227 578, 2. Αω.. nb. vm. 566, 25.
228 265, 27. v. 1 sq. 297, 26. = 405 255, 55.
228sq.525.26.585‚6. 8sq,548,10.566,18. ! 405 sq. 566, 27.
247 597,19. 22 449. 20. ξ 415 546, 26.
259 168. 27. 55 , 541, 15. 421 21,14. 524, 5.
266 576, 50. · 55 284. 16. 1 ’ 427 sq. 288, 28.
272511. 469,12.558,9., 62 sq. 465, 16. 3 458 418, 25.
285<q.226,28.505.52.= 68 sq. 587. 16. ἓ 459 422, 18.

455, 26. 76 526, 10. . 441 sq. 418, 25.
505 256, 2. 88 545, 7. 449 sq. 258‚52.
565 sq. 269, 26. 96 585, 7. 465 551, 50-
521 217. 25. 94 112,16. 4 486 266, 26.
526 458, 22. 96 247, 2. 3 527 529, 21.
551 561. 22. 166 50. 52. ¹ 528 sq. 51, 15.Υ
555 sq. 242, 16. 162 sq. 526, 14. 5 560 sq. 581, 55.
557 sq. 554. 15. 118 245,17. 1 564sq. 519, 8-
568 565, 2, 591,15. ³ 582 515, 15.
465 596,22. 119 567. 2. 565 256, 11.
417 264, 27. 125 465, 18. , 596 272, 15.
455 516, 25. 1 145 sq. 412, 50. , 614 241,6.57ἰ,15-
476 419, 52. 156 sq. 462, 25. Ι 650 512, ⁷-
489 59,28.567,19. 152 sq. 555, 52, ’ 651 sqq· 425, 25·
496 59, 27. 154 sq. 259, 28. Ι 516,17·545,52-
566 598,16. 156 502. 5. 658 590, 12-

642sq.265,24.284‚22.
645 251, 11.

(346 sq. 500, 18.
651 555, 21.

655 525, 7.

659 45, 28.

507 sq. 582, G.
509 sq. 265, 10.
515 sqq. 577, 15.
541 sq. 524, 24.
544 418, 25.
554 521.17.

157 sqq. 577, 16.
168 206, 10.
182 415, 25.
196 sq. 591,, G.
200 246, 7.
251 555, 20.
245 sq. 43, 14.

 

 

565 sq. 551, 52. 1360 558, 25.

 

596 sq. 548, 25. 246 408. 8. 661 sq. 555, 10.
661 sq. 577, 4. , 261 281. 23, 681 256, 51.
669 251, 8. 278 54518. Ae... lib. v1111.

618 sq. 504. 15.
627 400. 25.

v. 2 sq. 442, 215.
4 404, 22.

289 281. 55.
502 290. 11.

 

656 591, 9. « 511 255.12. ’ 40 sq. 572. 5.
686 sq. 555. 20. 518 256. 6. 44 268, 16.

715 181,15.596.15. 526 452. 12. 56 sq. 511, 51.
756 sq. 554, 4. 549 sq. 578. 14. 57 q 25⁷* 5⁰5

752 555. 6. 562sq.405,24.255‚17. (35 sq? 504, 8-

