448

545, 9. 555, 25. 51. 556, Heronio<

15 .567, 50. 581, 19. 586,
29. 590, 9. 592, 5 .594, 9,
421, 6. 454, 25. 451, 55
452, 4. 9. 480, 26. 29. 51.
487, 26. 498, 52.y 520, 2.
528, 5. 529 15 ). ,50.
540, 14. 545, 52.
12. 21. 550, 15.

Εὗρεν ἦ λοπᾶς τό πῶμα, πε ρὶ
γὲγα.[11]κόῖ“0)γ 5991151-4787
5. 527, 15.

’Έχω σε, περὶ τύχης 72, 10.
179, 6. 228, 6.

Flaxtabulis, πὲρὶ ἐπαρχιῶν
27, 5. 28, 7. 82, 15. 219,
16. 591, 29. 458, 55.

Gallo vel Fundanio, (le Ad
mirandis (mi ris) 71, 26.
205, 50. 217, 2. 218, 18.
220,11.

Gen-ontodidasealo 8,28. 19,
11. 47, 19. 25. 26. 55,
7. 86, 9. 11. 112, 22.
166, 15. 190, 29 195,
16. 214, 29. 261, 7 .267,
7. 514, 50. 557. 15. 440,

542, 55.

15. 451, 19. 545, 11.
Gloria, περὶ φθόνου 148, 5.
525,16.

Gnot¹=iseaut0n 25, 25. 49,
15. 69, 28. 155, 27 140,
11.16148,14.169,14.
245, 25.2ἑ 39, ').267, 2
285, 51. 512, '3. 574, 15.
402, 27.

llehdomadon 528, 26.
lib. Ι. 145, 5.

llecatombe, περὶ θυιῶσ 2,7
15. 25. 151, 10. 18. 215,
25. 466, 28. 504, 12. 520,
18. 521, 15.

nercule Socratico 168,16,

559. 8. 542. 14.

Ρ 049,

a

 

 

INDEX

47,28.

{nam fldem

52. 468, 5. 555, 7.
11η pocynu 56, 29.

Idem Atti quod Titi 40, 2.
Lege Maenia 79, 21. 166,
6. 10. 171, 11. 207, 21.
225, 29. 245, 20. 569,
10. 582, 10. 597, 51.
Logomachia 182, 16.
Longe fug-it. qui suos sugit
204, 25. 271, 10.
Manio 79, 28.87,11. 115,
12. 125,52. 151, 16155,
27.50.147,11.160,7.
161, .168,19.-185, 5.
185,16. 201. 7. 211.15.
225, 10. 226, 4. 257, 14.
274,18. 442, 52. 448,
25. 480, 4. 487, 12. 540,
29. 545, 20. 55. 545, 12.
Max-cipore 46, 2 ..8 12. 79,
14. 16. 82, 55 105,
126,15.155,17.158,21.
178,29. 215,29. 214, 24.
25ῚῘ,20. 518,55. 544, 14.
558, 20.26. 451,5. 9.16.

,15

Marcopoli, περὶ ἆρχῆς
24. 81, 9. 199, 21.
19. 254, 4.

Meleagris 48,8.99,26.187.
15. 205, 15. 256,52. 255,
5. 50. 286, 18. 525, 22.
584, 5. 492, 15. 556, 29.

5· 35 ,29. 555, 20.

Medio 5, 18. 17, 25. 55 ,
12.
20. 96, 15. 119, 9. 141,
. 20.

1950. 70,16. 95

μγ

5. 161, 16. 176, 11
180, 7. 229, 24. 554,5.

562, 5 1. 565, 14. 448, 50.

556,55. 549,24. 550, 17.
Mutuum muli scabunt, περὶ

χωρισμοῦ
21. 228. 25

18,
209,

Myslagogorum libro F561.
10.

Mysten-iis 14,5. 24, 55. 46,
26. 76, 14. 99, 15. 280.
29. 592, 28.

Octoggesi, περὶ νομισμάτων
20, 19. 78, 10. 171, 21.
510, 27. 515, 16.

Oedipotbyeste 475, 28.

Onos Lyras 5, 52. 7, 16.
16, 22. 50, 50. 49, 52.
56, 9. 25. 79, 52. 80, 2.
88, 4. 95, 15. 100, 51.
101, .,141 9.171,29.
176,19.50. 182,51. 185,
7. 215, 15. 17. 250, 50.
572, 29. 485, 12. 555.
4. 50.

Papiapapae, περὶ ἒι νκωιιίι or
19, .26, 17. 21. 29. 85,
15. 155, 22. 215, 25. 218,
28. 281,29. 522, 6. 456,
6.478,8.495,29.559,12.

Pappo aut indige (¹2) 12,22.

Parmenone 28, 9. 79, 7. 19.
86, 15. 152, 10. 178, 51.
195, 4. 215, 15. 240, 55.
251, 9. 267. 15. 547, 50.
574, 7. 424, 10. 428, 19.
451, 25. 486, 12. 494, 52.

Περὶ αἱρέσεων 94, 27. 171,
14. 551, 27.

Περὶ ἐξαγωγῆς 117,25.556,
51. 545, 21. 552, 25. 400.
10. 458, 25.

Περὶ. κεραυνοῦ 28, 16- 265.
19. ’

Periplu
lib. I. 171, 19. 192,

516, 14.
lib.II. περὶ φιλοσοφία,- 151,
22. 592, 55. 455, 18.

Pranso parato 555, 16. 482.

19. 488. 6,

7.

