Avu. lib. ῙῙῙ.

 

420 sqq. 515, 5.
426 sq. 266, 12.
462 420. 50.
455 556, 7.
458 294, 10.
471 201,19.
475 448, 22. ”
476 526, 9.
462 469, 15.
401 sq. 420,29. 59629.
494 202.18.
496 sq. 296 18

504 sq. 591, 11. k

524 sq. 564, 7.
551 294, 12.
544 sq. 267, 25.
547 sq. 581, 22.
548 sq. 409, 8.
550 sq. 412, 24.
555 577, 29.
558 554, 17.
562 405, 22.
617 sq. 586, 5.
652 sq. 296, 51.
657 572, 25.
658 sq. 224, 6.
642 sq. 588, 51.
655 584, 29.
657 297, 16.
678 459, 10.
702 587, 25.
705 sq. 251, 4.
715 578, 55.
717 255, 55.
754 196, 20. 548, 7,
750 591, 55.
755 sq. 560, 5.
772 sq. 529, 8.

 

v. 1⁸.) 505. 5.
26 519. 8.

27 sq 555. 27.
50 1 548. 26,
:52 216. 27.

AUCTORUM.

57 597, 26.
58 sq. 455,55.550,5.
67 sq 249, 55.
77 278, 26.
85 278, 28
561, 52.
95 567, 12.
590, 2.
109 558, 16.
111 250, 8
118 520, 20.),ι

w
ὶ
ἱ

 

124 555, 21.

127 205, 24.

142 595,19.
145sq. 205,11. 415,.2
176 254,17.

180 245.12.

182 6,1Ο.

188 251, 5.

191 415, 4.

200 298, 29.

205 sq. 502,14.
205 sq. 256, 29.
208 420, 4. 446, 27.
2099 9(.Ῑ 587, 20.
211 sq. 250, 9.

216 sq. 575ἐ 12
228 415, 8. 0
241 556, 50. Ι

 

245 sq. 507, 24.
261 524, 7
570, 52.
267 221, 26.
268 507,55.1
410, 29! ἱ

276 40652,
296 ²516, 27.
291 576. 24.
292 552 17..
517 1 205. .4.
520 266. 6
52( :30162
525 225. 10.

451

5269( 9.(] 297, 10 591, 5.
405, 25. 407, 15
458, 29.

19 q 295, 18.
7 251, 16.
9 588, 50.
4 512, 55.
559 528, 25.
565 sq. 450,1 1. 4565.
567 557, 4. 564, 2.
569sus100, 15. 571, 2.
5789 9(.Ι 296, 28-
587 257,10
591 297, 8.
595 541, 10.
414 sqq. 577,6. 541η9.
426 577, 51.
428 248, 26.
4⁰9 571, 24.
446 552, 15.
452 125, 28
460 188, 15.
472 sq. 254, 28.
475 281, 5. 286, 29.
486 sq. 259,24. 559,6,
488 254, 5.
489 sq. 169, 18.
511 274, 9.
554 405, 5.
545 F 561, 50.
552 246, 5.
557 66, 2.
567 292. 28.
577 247, 15.
595 ἱ25,50. 150,9.
55Ο,5. 575,15.
650 461, 11
646 sq. 555, 8.
651941. 555. 15.
658 550. 5
(305 941. 447,15.
677 261. 2.
679 422. 27.
699 κη. 575. 25.

