19. 284, 50. 288, 8. 288,
50. 298, 24. 501, 14. 18.
502, 2’”. 508, 24. 550,
11. 551, 10. 558, 52.
580, 10. 582,14. 588,
50. 588, 18. 570, 28.
571, 18. 574, 22. 582,
22. 585, 15. 584, 2ἑ’

401,29. 407. 50. 42.οῌ 33.
485, 8. 472.1’) 477, 29.
lib. XXVIH. 25,15. 51
28. 58, 52. 57, 5. 74
15. 121, 7. 155,.17 173’ 3,
21. 55. 208. 25. 228,
04. 257, 8. 259, 14. ‘²48
04. 249, 5. ⁰50. ‘3¹3 .288,
52. 275. 8. 278, 10. 27⁴1,
5. 280, 10. 289, 28. Ἴ.)
298,15. 508, ²8. 518,
18. 258.. 27. 558. 9. ⁸3.ss
55. 552, 50. 540, 25.
55. 584, 17. 590,
4. 591,25. 594, 24. 598,
5. 405, 25. 407,5. 410,
8. 414, 7. 14. 417, 52.
420, 8. 478, 28. 492,
22. 498,1“). 508, 25.
55¹5. 25.
lib. XXVHH. 24, 12... 07,
9. 50, 27. 51.18. 58, 5.
10.18.25.27. 74, 4. 10.
97, 4. 110,
172, 15. 188, 27. 220,
5......51242828
11. 240, 8. 245, 10. 18.
242, 8. 252, 15. 289,29.
271, 22. 272, 11. 274,
15. 282, 27. 285, 29.
287, 8. 288, 10. 289, 2.
290,2. 291, 18. 294, 22.
298,4. 500, 10. 20. 5
10. 505,

1

1

517. 27.

25.171,5.·

Οἱ,
15. 511. 24.
515. 12. 16. 5133. 29.
518. 21. 525.

Ι

AUCTORUM.

332. 550, 21. 25. 551.
4. 559, 14. 559, 50. 52.
5332.
24. 5430, 24. 28.
14. 569. 5...
579. 18. 583„ 7. 582. 5.
585. 19. 5845591115.

4833. 11. 16. 418, 7. 472.

33. 11.489. 16. 3327. 27
lib. XXX. 10 21. 55. 2—
54, 51. 55, 19. 2112-*3
51. 81. 27. 5L85. 12.
87. 332. 96, 19. 117, 55.
118. 9. 121, 5. 1233. 6.
55. 149, 15. 145. 19.
55. 1331. 12. 1337. 12.
169, 17. 26. 175, 21.
17¹5.10. {31:180 5 181
51. 200, 5. 253. 51. 2:3¹3.
16· 240.5.249‚ 14. 2339.
233. 2814. 268. ’ἱ .269,
20. 272. ³5 27”3 ⁰7.
274, 1121275. 2. 277.
51. 278, 7. 55 .28 5. 25.
284. 14. 25.285’ 3. 2
27. 29. 289„ 16. 292

15. 296, 33. 297.24. 298.

52. 508, 28. 505,
20. 508, 19. 517, 7. 519,
18. 520, 22. 521,5. 28.

525, 51. 528, 52. 527,

11.14.556,4.16.555,

-

58540, 22. 541. 33. 545.
9. 544, 25. 548, 21.
55Q7. 1⁰ 18. 24. 5334.
29. 566. 8. 576, 18. 571

28. 57:29. 5341& 582,

26. 588, 133. 25. 59¹).
25. 402. 6. 17. 402, 6.
408.9.52. 499. 9. 415.
15. 429. 21. 233. 462,
24.

4. 557, 16. 558,
564,4.
572, 24. LUCRETIUS 229. 2.

28. 478. 26. 464,
51. 495. 26. 51.55. 5Οόἢ

 

 

...ἶ

 

 

’1100

18. 522, 19. 525, 18.
Epodis 107, 51.
[Aegistho 178, 152]
[Velitcrna 509. 2552]

lib. I.
v. 5 sq. 274, 51.
85 sq. 514, 28.
579, 12.
528, 55.
87 sq. 411,

71 sq. 508, 2
76 sq. 581.
188 205, 8.
192 115, 8.
505 408, 21.
508 sq.1733, 8.
·450 sq. 205, 52.
471 20! 5-
572 225, 19.
854 184, 9.
857 184, 15.
224, 9.

ιΦ

υἱ
ε. 33> ρο

lib. ss.

v. 2 402,15.
16 27 8, 133. ψ
42 3395.18.
119 6, 6.

285 517, 24.
542 sq. 158, 51.

576 505. 27.
498 156, 11.
3377 184. 21.
619 181. 233.
(3331 2332. 27.

498. 1¹2).

881 sq. 80, 27.
288, 22.
815 482.. 4.
855 188, 10.
975 511, 15.
1058 sq. 172. 18.
1086 151. 7.
1097 sq. 197. 5.
‘55

