450

207 266, 9.
211 414. 1. l
215 466, 29.
222 566, 21. Ι
227 527, 29. 1
251 246, 55. .
257 416, 26.
249 257, 5.
251) sqq. 565, 22.
261 527, 25.
262 52, 9.
266 461), 50. 1
275 sq. 515, 51.
260 511), 29. ¹
262 231,19. ᾖ
266 sq. 557, 55. 1
’ 262 66, 26. 515, 19.
502 sq. 566, 2.
506 sq. 294, 19.
508 sq. 258, 16. 275,
1ο. 261), 51.
514 407, 6.
516511. 5672156216.

525 550, 8.
529 502, 2.
547 525, 21.
550 589, 6.

561 271, 4.

565 sq. 211, 5.

569 sq. 412, 12.

574 255, 5.

592 416, 27.

594 sq. 569, 9.

414 546, 5.

422 589, 18. 420, 10.

425 sq. 240, 16. 285,
16. 546, 16.

427 sq. 540, 20.

452 sq. 554, 50.

455 49, 51.

458 400, 15.

448 516, 52.

452 262, 5.

455 sq. 547, 20.

INDEX

458 588, 12.

467 564. 51.

477 sq. 410. 9.

480 570, 12.

490 555, 8.

505 58, 12.

507 sq. 244,8.412,25.
554 198, 22.

556 251, 16. 460, 25.
546 sq. 415, 29.

548 sq. 254, 28.

562 590, 50.

565 sq. 546, 6.

574 282, 24.

576 sq. 286, 22.

587 256, 9.

589 440, 19. 459, 7.
590 sq. 520.5.540.55.
640 sq. 456, 15.

648 558, 5.

689 575, 21.

701 sq. 297, 5.

705 sq. 247,50.58,27.
712 461, 2.

718 sq. 511, 29.

720 sq. 185, 27.

724 545, 50.

758 sq. 519, 21.

749 559, 8.

Aen. lib. ΙΙ.

v. 5 56, 8.
15 sq. 452, 17.
29 410, 24.
56 sq. 400, 22.
51 sq. 195, 25.
62 418, 27.
64 255, 27.
65 sq. 240, 4.
70 578, 26.
79 sq. 509,7. 417,5.
89 sq. 516, 25.
96 562, 24.
98 sq. 250, 20.

1 14 sq. 586,18.409,24. ¹

127 565, 19.

151 406, 27.

152 522, 9.

144 502, 22.

145 472, 25.

146 sq. 556,16.550,26.

155 500, 6. 404, 25.

169 sq. 505, 25.

176 412, 52.

196 255, 22.

199 412, 19.

205 sq. 191, 14.

207 sq. 552, 16.

220 411, 4.

222 406, 26.

225 sq. 598, 9.

229 sq. 505, 2.

256 sq. 529, 4.

257 sq. 512, 5.

259 268, 7.

247 275, 6.

250 sqq. 528, 17.
580, 17.

262 286, 15.

266 272, 5.

277 404, 12.

280 550, 29.

290 517,27. 579,51.

504 595, 12.

511 sq. 240, 15.

525 421, 5.

524 sq. 401, 28.

526 611.507,14. 425,26.

541 56, 22.

556 sq. 291, 12.

575 sq. 441, 52.

574 sq. 502, 52.

579 sq. 565,22.555,16.

595 71, 10. 244, 14.

596 145, 51.

597 sq. 270, 22.

401 249. 28.

405 410, 55.

407 586, 24,

