458

88 sq. 500, 50. ¹
5,1 44,14.
9 217, 29.

4, 22 154, 11.
24. 26 254, 10.
25 207, 25.
55 sq. 151, 52.

275, 28.

509, 7.

509, 9.

164, 16.
574, 12.

6 5, 9.

5 sq. 400, 6.

9 sq. 496, 21.

95, 12.

17, 29.

5 sq. 550, 27.
9 525, 2.
ΙΙΙ, 1, 5 85, 51.
7 290, 55.
2, 8 5, 21.

51 sq. 152, 4.
284, 25.

8 171, 52.
56 541, 52.
549, 28.
548, 15.
251, 8.
541, 50.
549, 26.
144, 52.
569, 17

58
46
10

Εέὕ
5

539059

1 sq.

,ΜΡ

40
45
45
47
51
55
61 542, 8.

6, 1 454, 18.
20 487, 16.
25 sq. 455, 4.
27 86, 2.
28 509, 11.
51 272, 6.

274, 15.

59 279, 16.

1111, 1. 1 510, 4.
5 575, 19.

INDEX

4 266, 18.
215 515, 25.
54550.
455, 8.
45, 19.
596, 7.
548, 24.
517,29.
469, 2.

52 17222.
6, 1sq. 45, 25.

8 sq. 596,15.
7. 1 522, 9.

9 252, 27.

ιο 229, 52.
8, 1sq. 152, 8.

5 15850.

8 284, 8.

9, 11 487, 21.
10, 2 156, 25.

18 210, 9.

45 128, 55.
295, 12.
105, 25.
254, 9.
51, 55.

5.

4.

&gaho—

54
68
V, 1, 6

Bacchidibus 6, 4. 102, 7.
172, 51. 175. 2. 555,
55. 554, 5. 542, 19. 421,
15. 474, 52. F 565, 51.

Ι, 1, 16 sq. 219, 7.
ΙΙ, 5, 44 F 564, 4.
ΙΙΙ, 1, 9 sq. 75, 7.
5, 41 75, 52.
4, 15 222, 5.
4, 28 476, 19.
91 85, 28.

6, 22 sq. 6, 15.

ΙΙΙῙ,

8, 46 sqq. F564,25.

Caeisto F 561, 55.

dularia‘2]

Captivis 220, 15.

Ι. 1. 16 164, 20.
24 498, 21.

[Vi-

2, 52 156, 4.
2, 61 482, 5.
II, 5, 66 555, 10.

79 512, 25.
ΙΙΙ, 4, 57 184, 4.

108 95,18.

122 157, 51.

5, 5 sqq. 7, 29.

14 s‹.1 95,19.

52 422, 8.

59 sq. 145, 14.

107 145, 17.
ΙΙΙΙ, 1, 2 146, 6.
2, 16 552, 15.
52 72, 21.
75 484, 9.
94 555, 2.
V, 4, 2 sq. 191, 26.
⁴ 12 291, 14.
Casina 7, 20. 596, 55.
Ι, 1, 7 sq. F 562, 19.
41 476, 25.
Π, 2, 5 sq. 6, 26.
5, 26 sq. 555, 15.

29 155, 8.

49 7, 15.
508,12.
F562, 25.

5, 59 F 562, 27.
6, 47 554, 25.
8, 7 145, 14.

59 sq. F 565, 2.

62 50, 10.

ΙΙΙ, 2, 21 sq. F 565, 8.’

5, 22 485, 55.

ΙΙΙΙ, 4, 5 98, 25.
Chrysalo F 564, 4. [Bac-
chidibus]

[Chryse 75, 11.*2]
Cistellaria 65, 55. 415,
15. 72,19. 108, 17-164,
18. 190,9. 198.24. 425.
16. 499, 29.

ΙΙ. 2, 6 102, 18.

