AUCTORUM. 125

ξ 541. 18. 'de Amicitia ,ξ 70 70, 22.

 

51 558, 28. ἒ 26 426, 6. 78 599, 16.
255, 12. 70 206, 51. 82 167, 27.
56 541, 24. 78 440, 25. 91 550, 20.
565, 50. de Deorum natura lib 111.
65 255, 28. [lib. Ι ἓ 15 107, 75]] ἓ 16 57, 51.
249, 25. lib. H. 50 417, 29.
104 560, 19 ἓ 25 410, 12. 141, 113.
117 565,12. Ι 42 265, 25. 65 254, 26.
118 526, 26. 295 45 552, 12. 75 252, 29.
15. 262 2 Ι 47 452, 16. 1551111.
119 569, 6. 71 sq. 451, 26. ἓ 7 164, 4.
121 511, 15. 86 478, 21. 57 55, 6.-
140 268, 25. 97 255, 9. 225, 25.
568, 52. 99 185, 10. 50 91, 19.
142 78, 15. 417, 17. 60 45, 26.
161 297, 4. 114 548, 2. 68 115, 15.
162 271, 26. 145 218, 50. lib. V.
169 242, 50. 145 205, 8. 3 5 70, 25.
ad Atticum 149 509, 4. 4 190, 55.
lib. ΙΙ. 158 17, 6. 107, 7.
ep. 7§ 5 214, 5. 161 219, 21. 8 91, 15.
lib. 1111. 564, 11. 10 252, 8.
ep. 16 ἓ 10 90, 2. 111). 111. 27 15, 18.
lib. vm. ἓ 25 90, 4. 51 224, 16.
ep. 11. D ἓ 2 295, 19. 68 20, 15. 58 161, 20.
5 295 22. (le Divinatione 42 145, 16. 115, 19.
111).Δ VIIII. lib. Ι. 191, 5. 282,52.
ep. 5 ἓ 2 579, 4. ,ξ 69 190, 10. 55 211, 17.
lib. XV. lib. ΙΙ. 57 416, 9.
ep. [ἐξ 2 479, 18. ἓ 5 265, 28. 58 495, 5.
ad Diversus (le Finibus honorum ct ma· 59 508, 22.
lib. II. lorum 64 509, 24.
ep. 2 109, 16. lib. Ι. 74 578, 29.
lib. VIIII. ἓ 21 129, 51. 84 177, 8.
ep. 14 ἓ 5 421, 55. 60 524, 29. 86 256, 28.
cp. 20 ἓ 5 85, 50. 61 545, 27. 86 sq. 271, 17.
lib. XV. lib. Π· de Legibus
ep. 2 ἓ 2 274, 5. ἓ 8 121, 25596, 10. lib. I.
ep. 5 ἓ 2 275, 51. 25 217, 6. ἓ 58 547, 9.
ep. 4 § 2 264, 55. 56 177, 4. 50 507, 2.
ep. 14 3 5 259, 24. 55 78, 19. de Officiis
ep. 1θὲ 1 291, 1). 44 232, 12. lib. 1.
5 278, 5. 52 70, 19. ἓ 56 417, 27.

54

