99 sq. 965, 5.

199 955, 4.

111 455, 11.
1111.

v. 25 512, 50.
26 sq. 551, 52.
45 sq. 549,14.19.
60 276, 4.
V.
v. 7 211,24.449,17.
9 588, 26.
16 558, 5.
68 545, 52.
74 sq. 555. 12.
80 277, 10.
82 225, 26.
VI.
v. 5 289, 7.
14 526, 24.
17 545, 8.
28 580, 25.
54 471, 29.
55-58 265, 17.
105, 15.
62 sq. 199, 51.
78sq.527,1ss.401,14.
80 251, 14.
85 sq. 581,17.2G5,2.
VII.
v. 1 259, 12.
7 464, 29.

v. 55 254, 27.

19 499,99.594,15
55 911,99.547,99.
55 sq. 996, 5
45 919. 7.
47 977,19.
55 599, 5.
54 596,95.599,11.
vm.
05 59,59.947,97.

69 289, 11. 528, 5
71 511,6.582.24.
10ss 198. 8.·

ψ

AUCTORUM.

vnn.
v. 6 548.17.
7 sq. 5476. 4995
91 55996.
95 511, 14.
57 9469949995.
45 465, 9.
45 5559591114
49 sq. 994, 6.
59 959, 7.
57 599,15.
69 sq. 495, 9.
69 496, 7.
65 519,19.556,91

1
4 557, 51.
9 446, 6. 526, 55.
74 169, 4. 587, 15.
Culicc 52 211, 26.
Georgicon (Georgicorum)
lib. I.
v. 51 551, 16.
71 215, 22.
75sq.409,22.404,29.
80 sq. 198, 9.
85 255, 9.
92 sq. 411, 24.
95 452, 15.
94 458, 29.
99 295, 15.
1043([.580,11.164,11.

5
5
(ἰ

199 sq. 966, 19.
119 559, 59.
115 sq. 41, 91.

116 419,19.
199 999, 16.
155 sq. 199, 15.
154 517,15.
159 sq. 194, 15.
141 191, 50.
156 sq. 565, 17.
158 499, 11.
161 597, 9.

J

451

162 514, 8.

164 228, 50.

169 sq. 80, 20. 25.
175 271, 28.

175 294, 26.

177 275, 26.411,50.
180 405, 51.

185 249, 25.

185 sq. 471, 16.
186 50, 55.

189 588, 28.

191 540, 5.

201 sq. 554, 9.]5’564,7.
202 sq. 550, 6.

215 227, 5.
2258q.501,24.410‚25.

227 529, 12.
228 210, 4.
244 207, 10.
257 557, 20.
259 sqq. 51, 28.
261 sq. 156, 28.
262 555, 6.

265 558, 7.
269 sq. 289, 21.
275 410, 18.
282 528, 15.
289 sq. 558, 16.
502 521, 9.

505 sq. 564, 25.
505 405, 6.
511 407, 27.
524 580, 4.

599 sq. 459, 99.
’5 597, 99.

9 595, 17.

7 sq. 945, 4.
497, 99.

9 sq. 559, 9.

4 599, 14.

7 59, 99. 517. 9Λ

1

0
0

&0:01

'8 sq.

R* :a Cr! 01 01 0¹ 01 01 01
10 20 00 00 00 q
:11 Φ :0

m

