Prometheo libero 27, 24.
28, 4. 71, 22. 101, 52.
120, 20. 172, 5. 8. 199,
26. 217, 25. 578, 8. 417.
15. 492, 18. 497,
559, 26.

Pseudulo Apolline, περὶ, θεῶν
ἆναγνιόσὲως 468, 5. 478, 12.

Quinquatribus 69, 18. 71.
16. 86, 4. 99, 25. 145,
2. 196, 25. 229, 16. 254,
11. 260, 18. 514, 15.
557, 5. 571, 25.

Sardis venalibus 496, 55.

Sciamachia, ’περὶ τύφου 10,
18. 151, 25. 202, 5. 489,
17.

Sel-a pal-ecte 104. 28.

Serrano, περὶ ἆρχαιρεσιῶν 16,
12. 71, 15. 157, 5. 164,
22. 195, 19. 259, 51. 292,
22. 554, 16. 455, 21,
477, 25.

Sesqueulixe 28, 12. 51,5Ο.
45, 2, 48, 51. 49, 2. 85,
25. 86, 17. 99, 50. 151,
14. 179,2. 208, 14. 242,
52. 247,25.248, 15. 276,
8. 299, 52. 521, 29. 544.
8. 567, 17. 29. 568, 28.
401, 12. 405, 20. 451,
28. 492, 5. 518, 21. 558,
14. 542, 10.

Sexagesi 49, 8. 69, 24. 86,
20. 24. 100, 2. 106, 16.
112, 24. 158, 25. 167, 7.

” 12. 187, 19. 200, 26212,
27-214, 15. 216, 14225,
22. 285, 18. 528,22. 559,
19. 405, 27. 407, 9. 422,
22. 451, 17. 460, 7. 480,
22. 505, 10.

Synephebo v. Ephebo.

27., 20. 48.

25.

Tafe Menippu

 

 

AUCTORUM.

15. 18. 25 86, 19. 106,Ξ
155129, 4. 146, 5.152,ὲ
14. 19. 22. 169, 10. 214, ἕ
51. 217, 16. 251.5. 248,ἷ
10. 12. 251,50. 509, 15. 2
518, 11. 555, 24. lna}
21. 435‚8. 49131492. ἰ
15 542, 5. 544. 17. f
Tanaquilc 166, 26. i
Testamento, περὶ, διαθήκης (δι-
αθηκῶν) 77, 27. 158, 14.
478, 18.
Tithono, περὶ γήρως 125, 7.
Δ156, 21. 195, 7. 199,

28. 545, 5. 455, 24.

Τό ἐπὶ τῇ φακῆ μύρον. περὶ
εὖτιῑριάς 71, 50. 156, 27.
216, 8.

Τοῦ πατρός τό παιδίον. περὶ
9, 15. 77, 21.
181, 12. 544, 5.
Trihodite trifolio, περὶ ἇρετῆς
4, 14. 105, 50.
166, 10. 208, 9. 410,4.
Tripallo, περὶ
151, 29.

Vae violis v. Devietis.

’,Ἰ αιδοποιὶ”ας

κτήσεως

(Ξᾷᾇενότητος

Vinum-eo v. niman-co.

vinalibus. περὶ ἆφροὸισίων
8, 2.
Vin-gula diviua 7, 15. 47,

14. 225,51. 264,26.552,
10. 556, 8. 27. 478, 10.
529, 9. 557, 11. 558, 27.
550, 12,
ΥΛΡιΒῦ nutura· 191, 22.
VIRGILIUS (Vergilius co-

dex L ubique. noster Ma-

ro 2, 15. va‘tus Mantuanus

 

526, ’18ᾗὲ 55. 19.

Aeneidos ἱ
lib. I. l
v. 4 588. 14.
10 551, 8.

12
14
18

25

28 520, 12.

29 sq. 169, 17.527,55.

55 586, 19.

41 458, 20.

45 254, 16.

51 216, 55. 512, 2

52 415, 9.

54 565, 8.

58 460, 19.

59 502, 56. 420, ·2

65 540.. 6. 565, 10

66 406, 52. 415. 15

74 sq. 291. 15.

77 266, i7.

79 278, 25

84 sq. 580, 9

99 548, 7.

92 511, 2.

95 sq. 561,

99 588, 18. .

110 205, 5. 459, 22.

116 sq. 415, 25.

Ι155 257. 4.

157 548, 55.

158 sq. 588, 19.

145 556, 18.

146 256, 14. 246. 55.

151 514, 5.

157 sq. 258, 18. 264,
9. 567, 5.

167 sq. 456, 27.

175 sq. 245, 43.

1005sp 245. 9.

192 sq. 512, 25.

195 544, 15.

199 576, 8

261

429,
501,
511,

449

5.
8.

25.

sqq. 500, 15. 549,

sq.

5 1. 538. io.

295, δί,

202 Sq- 548, 14.
264 sq. 282,16 'ziam

57

