426 272, 51.
452 207, 24.
458 296, 16.
445 sq. 297, 22.
445 251, 7.
455 415, 17.
467 250, 25.
468 255, 51.
485 sq. 520, 52.
489 586, 16.
497 415, 27.
515 sq. 265,
520 260, 4.
525 289, 55.
525 240, 15.
555 595, 52.
557 sq. 502, 18.
564 554, 16.

566 sq. 420, 19. 464,18.
571 sq. 52, 21.

575 sq. 415, 55.
592 sq. 551, 15.

ιιι
,0¹

642sq. 527.17.585‚27. Ι

675 526, 18.
690 411, 29.
725 294, 55.
750 289, 25.
767 sqq. 507, 28.
801 sq. 544, 51.
822 49, 14.
859 241, 22.
848 250, 12.
871 554. 29.

Aen. lib. VI.

v. 5 sq. 462, 7.
18 581, 9.
19 525, 8.
50 449, 12.
55 sqq. 555. 2.
44 580. 2.
65 sqq. 278, 50,
70 426, 19.
74 sq. 46, 16.
81 sq. 461. 17.

 

 

ᾖ

AUCTORUM.

85 287, 6,
99 519. 6.
105 572, 15.
lOqu.527,22.191.25.
114 492, 21.
120 515. 22.
1:38 280, 14.
155 570, 4.

175 sq. 258,55.457.7. Ι

177 sq. 293, 14.

194 sq. 251, 15.

201 sq. 14‚11.554,15. ”

204 245, 22.
216 sq. 275. 17.
219 110, 20.
225 546, 2.
229 261, 29,
256 245, 14.
259 sqq. 14, 14.
270 sq. 545, 52.
276 549, 16. 411, 8.
291 560, 26.
292 sq.419,27.466,16.
295 505, 16.
506 287, 5.
514 410, 50.
526 24, 52.
552 569, 25.
555 520, 26.
562 418. 52.
579 245, 26. 570. 6.
456. 5.
582 sq. 578, 14.
595 566, 52.
406 256.. 25.
411 sqq. 101, 17
447, 25
421 207. 16.
424 556, 5.
429 247, 16.
445 456, 12.
465 501, 24.
479 560, 17.
484 597. 18.

 

³ ι

¹

 

455

495 518. 52.
542 sq.525,20.229.26.
545 298, 12.
550 242, 7.
552 405, 18.
567 251, 27. 401, 16.
569 284, 15. 570. 2.
576 242, 21.

’ 577 sq. 229, 28.

587 sq. 254, 25.
595 245, 4.
599 sq. 582, 12.
604 sq. 204, 20.
620 180, 5.
661 267, 6. 440. 6.
662 571, 52.
670 sq. 107, 15.
687 419, 51.
690 285, 28.
721 421, 22.
725 452, 25.
726 sq. 446, 10.
754 sq. 555, 4.
760 555, 12. 446. 24.
816 sq. 528, 4.
856 575, 19.
847 252, 25.
854 570, 17.
872 561, 51·Δ
877 sq. 242, 28.
894 sq. 516, 20.

Aen. lib. VII.

v. 26 549, 20.
27 sq. 568, 12,
49 417, 25.
505q.505,55.455.29.
52 587, 24.
60 549, 17.
71 58,28. 247. 55,

440, 7.

109 sq. 52, 25.
117 sq. 407, 8.
151 518. 5.
179 529. 1 1.588,5.

