456

Aen.

·. 24 sqq. 464, 25.

762 272, 21.
770 sq. 549, 19.
794 sq. 581, 27.
798 sq. 405, 29.
811 580, 5.
814 sq. 515,10.552,7.
828 585, 18.
879 420, 12.
892 sq. 29,17.406.51.
895 295, 18.
894 21.. 5. 500. 22.
900 529, 15.

465, 22.
lib. xl.

466, 51.
55 245, 7.

54 222, 12.

61 588 5
68 sq. 558, 50
85 268, 28.
285. 10.
211 sq. 580, 8.
218 285, 27.
227 505, 11.
256 548, 20.
257 565 15.

985 sq. 290, 10.
506 sq. 504, 11.
590 sq. 250, 50.

551 sq. 560, 15.
558 sq. 511, 10.

406 sq. 509, 22.
424 412, 17.
425 sq. 580, 52.
454 497, 18.
491 57919.
492 218, 5.
515 sq. 510. 16,
599 966. 25.
541 457,19.

lNDEx

015
652
648
660

sq. 298. 27 ³,
552, 5.
500. 51.
472. 9.
689 224. 2. 5›5 19.{
690 sq. 576, 25.
705 sq. 506. 12.
714 199.18.

791 199, 25.

748 589, 5. ι
750 996, 90.

775 sq. 541, 10.
779 sq. 502. 14.
785 sq. 250, 4.
805 sq. 455. 14.
812 sq. 587, 11.
825 sq. 268.. 24.

 

Aen. lib. xlI.

v. 6 sq. 298. 24.
8 459. 15.
9 22, 20.

15 409,14. ξ

17 950, 52.

19 571, 12.

25 sq. 489, 5. 519.
27. 585,91.

52 sq. 559, 25.

56 sq. 520, 18.

71 240, 18.

72 sq. 557, 28.

82 574, 10.

86 200, 15.

185 sq. 271, 15.
250, 28. 25.

287 sq. 587, 18.

296 517. 21.

299 sq. 555.8.569.2.

555 sq. 246, 51.
559 sq. 404, 52.
571 407. 14.

575 440. 20. 459. 9.
577 sq. 285. 4.

595 279, 21.

407 sq. 5 1. 25.

415 95. 25.
420 511, 26.
455 286. 55.
458 515, 14.
491 sq. 275, 25.
492 sq. 401, 25.
727 277, 7.
758 sq. 586, 5.
781 227, 5.
841 458, 11.
875 sq. 557, 5.

952 sq. 408, 16.
941 sq. 194, 15.

Bucolicis
1.

v. 4 558, 5.
12 sq. 577, 20.
15 225. 18.
16 551, 20.

1 9 2 78, 29.
55 200, 7.
46 590, 6.

49 560, 50,

50 515, 55.

51 199, 6.

58 919. 4.

71 91519.

76 57519.

81 sq. 545,14.546,50.
11.

v. 12 55⁹. 25.
19 288. 16.
50 548, 25.
51 552. 18.

111.

v. 1 280. 15.

6 5999155195,
16 510. 18.

17 sq. 995, 27.

52 279. 7.

61 250,15.

77 515. 27.

80 549.11.409.15.
87 566. 95.

