1111, 1, [5sq. F566,16.]
5 84, 16.
2, 54 171, 18.
40 482, 2.
Colace 545, 20.
Con-nicularia 65, 14. 154,
28.52. 147, 27.220, 15.
Curculione F 565, 27.

1,1, 5 421,16.’

75 126, 11.

2, 5 3, 7.
54 sq. 510, 17.

II, 1, 15 218, 5.

5, 17 96, 15.

40 551, 25.

84 576, 9.

88 218, 12.

111. 1, 54 290, 6.
1111, 1, 2 120, 11.

V, 2., 15 8, 19.
5, 12 552, 12.
15 sq. 199, 11.
Epidico
Ι, 1, 57 40, 9.
65 278, 19.
2., 55 499, 5.
48 508, 15.
49 8, 21.
11, 2, 4 sq. 102, 29.
479, 21.
484, 14.
59 559, 11.
40 548, 19.
46 559, 15. 50.
47 559, 55.
540, 5.
548, 24.
48 559, 17.
540, 10. 18.
49 548, 55. 12.
540, 20.
115 555, 25.

111. 5, 55 254, 24.
1111, 1, 16 475, 12.

——ffi—-Q

Ι
Ι
ι
ἱ

AUCTORUM.

17 sq. 125, 51.
52 456, 22.
2, 12 105, 2.

V, 1, 5 8, 55. 175, 8.
Frivolaria 66, 55.
Medico parasito 84, 8.
200, 11. 551, 5.
Menechmis F 559, 10.
Prol. 19 sqq. 545, 29.

425. 24.

45 499, 50.

50 9, 15.

Ι, 1, 9 555, 52.
15 455, 11.

16 58, 15.

18 108, 27.
558, 15.

22 422, 12.

2, 8 sq. 24, 25.
57 594, 16.
5, 12 158, 25.
4, 5 497, 7.
ΙΙ, [2, 75 461, 5052]
5, 8 sq. 468, 15.
ΙΙΙ, 2, 4 5,22. 557,55.
46 449. 25.
5, 51 sq. 519, 25.
ΙΙῘΙ, 1, 12 467, 12.
V, 1, 7 468, 15.

2, 451111. 1, 24.
192, 18.
28 5„ 8.
102 191, 11.
106 72, 25.
ὅ, 26 sq. 255, 6.
57 89, 18.
7, 49 476, 26.
Mercatore F 561, 20.
I, 1, 14 176, 26.
86 555, 51.
104 157, 12.
2, 8 175, 18.
27 166, 6.
42 165, 10.

1
Ι

 

4 -r

2., 1ο
. 18
19

459

554,12.
401,19.
115,51.
225,14.
271,29.
420, 8.
255, 7.

, 5 sq. 449, 50.
421, 24.

191, 51.
200. 5.

25 sq. 476, 8.

88

482, 21.

Milite (glorioso) 542, 22.
F 565, 29.

1. 1, 2 51. 17.
4 :14.-3⁷0. 575,51.
17 97, 10.
74 486, 17.

11. 1, 15 sq. F 565, 51.

, [5.

4, 44

Ρ 1¹- ..
υ, 2) ⁵¹5·

ΠΙ, 1, 55
57

71
74
82
55

152

2,2

110

.-

ι), 50

50 sq. F 561, 202]

205, 5.

467, 21.

4, 26.

sq. 456, 55.
9, 11.

-» 22.

5, 24.

ἠ 19.

120, 26.

211. 415, 21.

157, 5.

207, 18.

476, 29.

5⁴²1.

nn, 1, 44 250. 8.
2, 87 499. 5.
5, 15 506, 14.

4, 55
45
44

146, 12.
549, 7.
105, 5.

8, 12 sq. 505, 12.
9 15 505, 6.

V, 1, 14

9, 50.

51 545. 12.

